-2.7728724
-2.8130674
-2.851514
-2.8498857
-2.8507602
-2.873611
-2.8788507
-2.9030437
-2.996117
-3.0151975
-2.9806597
-3.0961297
-3.1147814
-3.021925
-3.0486722
-3.1000433
-2.968923
-3.2365916
-3.095708
-3.1200511
-3.1892452
-3.3722482
-3.3219345
-3.4769285
-3.3606381
-3.4041617
-3.4330683
-3.9101827
-3.8289385
-3.5163393
-3.6988273
-3.6715574
-3.6816306
-5.1748614
-3.8221118
-3.3653603
-4.1790915
-3.8328514
-3.5167344
-4.151928
-4.0307045
-4.4691315
-3.8200827
-3.366675
-4.9896793
-5.5863314
-5.2152376
-5.0181227
-5.244079
-5.6630116
-5.0187664
-5.184598
-4.407222
-5.0154705
-4.939521
-5.2346687
-4.9737673
-7.3705277
-4.272478
-6.857757
-6.6037626
-5.1950192
-6.492585
-6.455208
-5.678217
-6.4669986
-5.386301
-7.5653715
-7.0247173
-7.4966936
-9.192783
-9.167678
-6.453698
-7.547726
-9.038687
-7.116769
-6.5651703
-7.7171397
-6.1985993
-6.659378
-7.1485853
-7.8990173
-6.5153384
-7.6912465
-10.696557
-6.795565
-5.709822
-9.536872
-6.7693768
-5.261586
-7.251999
-8.652896
-7.401123
-7.7930484
-8.478622
-8.592562
-7.972295
-7.576333
-6.734067
-9.432062
-8.585192
-10.2775955
-9.116268
-9.40014
-8.419484
-9.389847
-7.46224
-7.3753276
-10.783722
-8.466799
-6.9795036
-9.8538265
-8.102586
-9.43582
-7.4125633
-7.883569
-7.393024
-7.670256
-7.397905
-7.6935124
-7.733577
-8.436167
-10.228259
-8.614932
-9.398023
-8.259064
-8.585941
-6.847484
-10.221267
-8.725168
-11.141885
-9.778601
-8.216933
-9.707871
-7.5137153
-8.351656
-8.394226
-7.417184
-9.289371
-10.079691
-10.460684
-8.157466
-7.960882
-8.90299
-8.313862
-7.953119
-8.670773
-9.765461
-7.815329
-9.292727
-7.9093695
-7.5499134
-8.730448
-8.95897
-8.19561
-7.845013
-7.9558916
-9.87436
-7.3691373
-8.390181
-8.4621105
-9.163875
-8.186964
-8.206274
-9.693603
-9.144372
-9.183226
-9.8893
-10.07678
-9.267456
-8.7903385
-7.793071
-9.8064375
-7.6986065
-9.03097
-9.344761
-10.449183
-8.01041
-8.767123
-8.343674
-9.128681
-9.918929
-8.198986
-10.15543
-11.531153
-7.8595033
-9.221127
-8.569619
-9.375245
-8.30226
-9.535248
-8.646307
-9.089268
-8.472733
-10.239557
-9.356745
-7.4982758
-8.464922
-7.626193
-6.640812
-8.05768
-11.571417
-8.935366
-9.758318
-8.79471
-9.450533
-6.8195944
-11.394604
-7.8423047
-8.867532
-7.193845
-8.984861
-6.7674932
-10.389994
-8.947644
-8.657698
-8.758234
-8.918347
-8.328369
-8.939428
-9.7816105
-9.636469
-8.600703
-9.042608
-8.71567
-10.849091
-8.036374
-7.430141
-10.609283
-10.328255
-7.976459
-6.203002
-10.25172
-9.430683
-10.472332
-7.489995
-8.059917
-8.952961
-9.433729
-6.768796
-9.574089
-9.325122
-10.156015
-9.286604
-10.814995
-6.0771384
-10.156485
-7.8317213
-9.496885
-8.264746
-7.8200283
-10.722089
-6.380521
-9.178404
-9.276604
-9.595541
-9.117676
-8.020042
-9.6879015
-7.7023525
-6.4230566
-8.974226
-9.353703
-9.179619
-10.435398
-9.139148
-6.7840624
-8.785258
-9.918871
-8.484281
-9.723809
-8.641815
-9.74839
-10.987737
-11.671574
-8.152913
-7.6125565
-9.635089
-8.435247
-8.580516
-8.169462
-9.434639
-10.740817
-11.45645
-11.36548
-11.463765
-10.194697
-9.577915
-8.892809
-9.044041
-9.078003
-10.047099
-8.684545
-9.089796
-7.9019194
-9.0352
-7.8293805
-9.349312
-10.439336
-9.479024
-10.33267
-11.226055
-9.888523
-8.821894
-7.687951
-9.050868
-9.472881
-11.256683
-11.055754
-9.7357235
-7.515109
-8.744583
-8.972565
-8.163856
-9.258962
-9.024256
-8.354753
-8.192883
-10.205811
-8.30666
-7.1301193
-9.168211
-8.774244
-9.971421
-10.670729
-9.080095
-7.6889877
-10.389072
-7.963316
-9.462761
-10.592049
-10.013039
-9.692188
-10.27865
-8.705486
-11.311272
-7.774316
-11.352493
-11.161425
-11.354137
-9.52442
-10.464581
-9.383402
-6.4018645
-8.727549
-10.659115
-11.121645
-7.618397
-10.619508
-9.833403
-10.682035
-11.364523
-8.415539
-10.465208
-8.920524
-9.136536
-9.940016
-10.731186
-8.785245
-10.682679
-7.6398053
-10.218208
-9.645241
-9.98097
-10.513222
-10.10194
-10.164891
-9.279073
-11.294119
-7.285527
-10.948751
-11.660537
-10.29195
-10.1522
-9.864492
-11.036601
-10.499097
-8.173006
-9.101868
-7.680085
-9.027035
-10.708698
-9.484763
-9.827408
-8.479179
-8.696999
-9.655723
-11.035889
-9.440086
-12.275391
-11.155363
-9.6277275
-8.853438
-10.02785
-8.9480095
-9.779377
-12.588266
-9.761175
-9.684175
-10.356773
-9.435715
-10.98341
-10.054547
-7.730326
-9.260241
-9.109643
-11.881083
-9.499258
-9.999215
-11.304099
-12.212921
-11.285238
-9.475008
-9.252157
-6.4291162
-9.872311
-8.730822
-11.609337
-10.7012825
-10.998486
-10.51123
-11.148876
-11.311684
-10.656715
-10.875517
-10.262494
-10.6953335
-12.103324
-11.218596
-10.087135
-9.47337
-8.980352
-10.86102
-9.371363
-10.846901
-9.436005
-9.512908
-8.678789
-9.7352
-11.660353
-9.87085
-10.385082
-10.817114
-11.56275
-8.644003
-9.26557
-9.406422
-10.611311
-9.755936
-12.14137
-9.590061
-7.7248793
-9.8344555
-10.938259
-9.827803
-9.400708
-9.856144
-7.6036572
-10.381717
-10.5028305
-11.052907
-9.915587
-9.527487
-10.580232
-10.186984
-11.16674
-11.401868
-12.423001
-8.125745
-11.445388
-11.740061
-7.9543653
-10.234444
-9.89939
-10.171194
-10.00481
-10.225536
-11.445407
-12.766945
-12.831297
-6.0373745
-9.125513
-10.375517
-7.4353905
-7.954613
-10.296054
-7.8559747
-7.876457
-9.465828
-7.8965087
-10.060326
-8.913956
-9.07473
-8.518524
-7.198179
-9.829025
-8.705091
-7.1614175
-8.684742
-7.6002455
-8.586902
-10.137376
-9.242866
-7.805192
-10.582979
-8.164093
-8.914175
-8.408361
-8.489997
-9.4745655
-10.331671
-7.7133293
-10.245493
-8.209248
-7.9269776
-9.920311
-9.324492
-9.508234
-9.593624
-6.802041
-6.983332
-6.204766
-8.748304
-9.952353
-8.696074
-7.800959
-9.654411
-8.881803
-10.315477
-8.658945
-10.931658
-7.987001
-9.2446995
-8.676136
-8.670068
-8.841639
-8.145586
-8.44925
-7.3195963
-8.320333
-8.374558
-9.934614
-8.817131
-9.1500225
-9.789782
-7.230097
-9.314717
-9.237098
-7.7793694
-8.96644
-10.076002
-9.001665
-7.9688287
-7.951762
-10.304696
-9.042887
-9.632557
-7.9887576
-10.196499
-6.8509216
-8.818063
-8.4200735
-9.326527
-7.655806
-8.568801
-8.132484
-7.4662766
-8.515821
-8.095896
-8.753126
-7.101543
-8.734394
-9.563674
-7.971637
-8.934686
-8.82332
-6.788905
-9.192326
-7.484444
-5.722172
-10.304953
-7.907763
-8.958179
-9.637634
-8.667892
-10.343808
-8.790431
-9.177727
-8.472783
-9.044619
-7.5238085
-10.383943
-9.479058
-8.965286
-7.135569
-7.755718
-7.9854813
-7.9588046
-11.104028
-7.0639534
-10.369236
-6.309993
-9.360252
-7.306765
-5.801812
-6.8170705
-8.087967
-7.1400223
-6.254181
-8.333626
-5.893794
-9.157337
-7.839218
-7.2583694
-10.007088
-9.638943
-8.739546
-8.528522
-8.021666
-8.094694
-8.533058
-7.1488223
-6.9184275
-8.609568
-7.8883944
-8.688235
-8.329128
-8.62971
-9.379719
-7.0651627
-8.507072
-8.196206
-7.549306
-5.881532
-8.841341
-9.822653
-8.719429
-9.178349
-8.24789
-9.678382
-7.238545
-7.85431
-7.9538713
-9.219407
-9.016327
-8.612665
-9.710724
-8.661537
-8.047796
-5.915772
-8.151064
-10.272175
-8.443639
-8.029696
-7.91414
-6.3784456
-7.766556
-8.080009
-8.313136
-6.2368402
-7.804701
-8.767693
-7.054866
-7.3268824
-9.282316
-10.207784
-6.4034867
-7.663855
-8.867566
-7.1790385
-7.1268806
-8.362783
-8.072981
-9.398018
-9.832684
-9.324468
-9.472822
-8.157974
-8.5554695
-9.059179
-6.7712345
-8.140047
-6.2214413
-7.025971
-9.474213
-9.329064
-9.044489
-7.3027177
-11.208266
-7.8684053
-7.683122
-10.118414
-12.385975
-9.809244
-8.763923
-5.9151435
-6.7865334
-9.6299095
-10.428206
-8.78362
-9.117753
-9.956129
-8.775663
-7.14875
-7.682604
-8.632666
-7.9373827
-11.677724
-10.645509
-6.9652085
-8.248954
-7.08419
-8.508456
-6.032811
-10.196505
-8.495405
-7.471349
-7.3977995
-7.3138585
-10.922
-7.9169245
-8.546499
-8.497523
-6.9748445
-7.467554
-8.408614
-8.113869
-7.113086
-8.235638
-7.900921
-7.537804
-8.8685055
-8.231664
-7.6190453
-6.9697466
-8.187074
-9.132963
-8.4057865
-8.015034
-7.3046317
-6.7093706
-8.027034
-7.721895
-6.248307
-8.732155
-7.9333334
-6.675654
-7.856904
-7.216819
-7.2077084
-9.1761265
-9.450987
-6.4974747
-9.314968
-7.590224
-8.050309
-7.4510264
-9.572908
-7.2064877
-6.753678
-8.184856
-7.1686854
-6.7813253
-8.645801
-8.754865
-6.5106072
-6.6938515
-8.8041115
-7.3677464
-7.029734
-7.093544
-6.922552
-7.586087
-6.991135
-7.737137
-9.030803
-6.197883
-7.1733465
-6.432194
-5.6746354
-8.279875
-7.054224
-7.6730566
-6.889901
-7.94438
-7.0764
-4.006709
-7.501347
-6.2042837
-7.7376294
-6.7862873
-6.581129
-8.746649
-8.357682
-8.157953
-7.52358
-6.3541107
-8.7171755
-7.687364
-7.1730533
-9.026303
-7.416274
-7.1773787
-5.741283
-8.00457
-7.6736345
-6.4238377
-5.739709
-7.7748747
-7.37481
-9.313989
-9.021331
-8.627384
-7.362433
-7.195676
-7.3536606
-9.56473
-6.047743
-7.9956026
-5.43295
-5.6770406
-5.141925
-9.0684395
-7.0874786
-7.7742105
-5.933879
-8.2149315
-8.901674
-5.7735605
-8.760061
-7.5112286
-8.886299
-9.941256
-5.6577334
-7.5951667
-9.366027
-8.687707
-6.258793
-10.855286
-8.009798
-9.653358
-8.850755
-7.4150085
-10.534676
-7.100874
-9.623098
-11.743402
-11.264035
-8.09951
-8.653664
-9.299922
-9.14493
-9.649893
-9.985069
-8.052112
-10.692674
-10.755556
-7.1169686
-8.620913
-9.52355
-8.105036
-8.545619
-10.872575
-10.099522
-10.845051
-10.622131
-9.238616
-8.731987
-10.802193
-9.145483
-10.589047
-11.538408
-9.952073
-10.90179
-11.467971
-6.9515285
-11.736511
-9.7521305
-8.470842
-11.030132
-9.032248
-8.11616
-9.504202
-8.889497
-8.925004
-8.52434
-10.761372
-7.4340253
-8.497209
-8.869464
-9.452927
-10.178138
-8.901635
-12.698864
-9.92164
-10.842667
-10.9613
-10.072964
-9.508156
-10.381805
-7.7253046
-8.896466
-10.135761
-9.552118
-9.109282
-8.615616
-9.978531
-10.682979
-9.24857
-10.354507
-7.4330077
-10.437544
-8.946608
-10.297095
-10.908186
-10.864446
-10.553833
-8.549305
-12.243942
-8.806583
-10.066044
-8.570871
-10.570086
-8.741419
-10.280312
-7.8846626
-9.2030325
-8.93716
-8.174149
-11.941896
-12.276902
-8.48901
-9.700821
-8.482314
-8.243826
-8.617498
-8.879321
-9.79798
-9.945644
-9.843235
-7.751113
-8.408352
-11.840187
-8.669867
-9.434282
-9.951628
-8.763952
-10.21422
-10.061844
-9.869719
-10.698732
-11.314987
-10.122334
-7.9214735
-10.534929
-9.24197
-7.864195
-9.712269
-11.656169
-9.827494
-8.0054
-7.0103073
-8.585547
-6.756899
-8.566034
-6.6107183
-7.862664
-8.581722
-7.770826
-6.166782
-9.39183
-6.5360336
-9.185616
-9.724527
-7.093118
-7.4695535
-7.735374
-8.319427
-8.028851
-6.513075
-8.288095
-8.922522
-6.3384304
-7.352108
-6.5523925
-7.4765806
-6.870723
-9.307018
-9.533923
-5.6109657
-10.168694
-6.2558103
-8.4086485
-8.435256
-5.208253
-7.102126
-9.460162
-8.127724
-7.285264
-8.780205
-6.873107
-6.262388
-7.0860686
-6.574506
-6.872337
-8.142906
-9.0764265
-8.089053
-6.429824
-9.213201
-8.439627
-7.335635
-8.344933
-8.89579
-7.5360146
-6.6962233
-7.337302
-8.432322
-8.865158
-7.946709
-7.2025228
-7.6334887
-7.890136
-7.3569045
-7.23636
-7.94918
-8.49281
-7.775252
-5.893572
-7.7481265
-8.593115
-5.286834
-7.4566283
-7.279256
-8.489609
-9.847262
-7.893652
-7.274996
-9.505001
-8.861537
-7.346159
-7.4895277
-8.82477
-8.589464
-9.550628
-7.462901
-9.559733
-7.3035293
-5.352866
-8.066989
-8.754858
-6.539507
-9.243213
-7.079459
-7.8426094
-9.153927
-9.570047
-7.2010155
-7.7072835
-7.043955
-6.255606
-7.2543526
-5.8945575
-6.9283323
-8.957015
-8.000931
-5.3578925
-8.583579
-9.006109
-9.9485655
-6.890832
-8.332462
-7.3232803
-8.526038
-7.8455133
-8.624594
-8.156306
-10.283854
-6.9669204
-8.1066475
-7.203391
-8.070211
-7.5834246
-5.358823
-8.632864
-9.947889
-8.812434
-6.3480687
-7.626121
-8.449198
-7.9485097
-4.177294
-6.052006
-8.213922
-8.593253
-6.612412
-7.146429
-5.9539766
-7.1540117
-6.9124584
-8.216462
-7.4624176
-6.6313424
-7.404674
-7.1604595
-6.600829
-7.446263
-7.5160017
-7.833755
-9.453024
-6.975652
-8.9554615
-7.9549055
-7.2826385
-6.445835
-9.77612
-8.104287
-7.5062346
-8.09044
-7.500222
-5.0815077
-8.005793
-9.489552
-8.412564
-7.354283
-7.180141
-7.889621
-8.787558
-5.4512672
-7.8060718
-8.680117
-5.567971
-7.349106
-7.731865
-6.5854034
-9.398488
-5.9668694
-9.947963
-6.6347733
-7.621976
-6.3705583
-7.9996104
-6.9414663
-8.783015
-6.963695
-6.5900784
-7.594548
-8.225427
-7.999864
-5.624669
-9.161076
-7.489608
-6.189277
-7.3679934
-7.2113643
-8.835561
-5.699752
-7.0453362
-7.290912
-6.734528
-7.5032425
-8.495014
-6.9548492
-7.2818637
-7.5580697
-7.4246826
-9.717503
-8.693433
-8.864604
-8.1995945
-6.0459633
-9.867329
-6.601673
-7.9301796
-8.289013
-8.325464
-7.3731766
-7.733285
-7.838498
-9.469693
-6.1307764
-7.485855
-8.137962
-9.630241
-6.5605373
-6.898071
-7.8250027
-7.556019
-7.238192
-6.740836
-9.418522
-9.147284
-5.0808105
-6.9587927
-7.874567
-8.6894
-8.602791
-8.677135
-8.803547
-6.059185
