2.7639637
2.7490985
2.7232413
2.767747
2.6753721
2.6428313
2.701991
2.6913967
2.593494
2.6275563
2.5930996
2.5946097
2.5310025
2.7151797
2.2631216
2.4455583
2.617733
2.277296
2.581476
2.3591268
2.5129037
2.4929812
2.4403179
2.7184246
2.211912
2.451343
2.6451316
2.34205
2.2561061
2.4432287
2.3712811
2.6667533
2.4593897
2.2517216
2.2859998
2.3726003
2.2857943
2.1258867
2.517394
2.2246008
2.3722262
2.3543978
2.6375422
2.3371167
2.5246477
2.611203
2.1998026
2.4070067
2.5214024
2.36204
2.2252398
2.1358278
2.5161896
2.539528
2.1483269
2.0847132
2.261992
2.1848578
2.6443644
2.1893551
2.2829952
2.3712444
2.1068861
2.3165762
2.3742878
2.507974
2.5230985
2.5268779
2.429212
2.5634904
2.286798
2.5435328
2.4249444
2.1946719
2.3895383
2.5427918
2.2711105
2.1149654
2.3395448
2.2486408
2.2121077
2.121107
2.4604702
2.1841297
2.3770342
2.1774397
2.3924413
2.0693548
2.2440662
2.3956747
2.2399793
1.8916705
2.3417044
2.6166248
2.5014896
2.238697
2.453445
2.1504178
2.5800288
2.4112115
2.423509
2.2924476
2.0087152
2.3664281
2.3859005
2.1828337
2.5103602
2.3689566
2.6740136
2.1541152
2.519509
2.2563941
1.8997337
2.043395
2.3074274
2.0663328
2.29781
1.9462258
2.2997923
2.0984812
2.3073049
2.1946402
2.5541255
2.30601
2.5731835
2.5896387
2.5746908
2.1445465
2.5748062
2.557485
2.577276
2.411316
2.3528328
2.0754523
2.1494884
2.2689734
2.361728
2.4085546
2.2827806
2.3655877
2.5690613
2.2743719
2.627098
2.3134637
2.4977415
2.5337062
2.3220246
2.2843692
2.4609668
2.4227595
2.2510414
2.3825455
2.2187767
2.282685
2.464651
2.4666052
2.3518844
2.4792137
2.3405995
2.3421774
2.3269835
2.3052702
2.557517
2.3163562
2.2672002
2.223495
2.4368505
2.368565
2.3503017
2.3600302
2.8394475
2.1385875
2.381737
2.4327898
2.355176
2.4140043
2.5741277
2.0770137
2.4628706
2.2612011
2.4125638
2.281146
2.6504843
2.1915145
2.256799
2.2336743
2.090231
2.5434403
2.0070078
1.9487836
2.3917184
2.334711
2.451429
2.1244514
2.3186646
2.3104448
2.089861
2.4047565
1.9402022
2.0923014
1.9950124
2.1831703
2.6296194
2.3364172
2.2430909
2.315866
2.4617124
2.7950292
2.283071
2.3930316
2.011877
2.2771797
1.9449089
2.3441546
2.541838
2.3893752
2.1347566
2.5574517
2.2676506
2.525875
2.3071585
2.2148442
2.1839745
2.5633814
2.3987074
2.2168422
2.3329885
1.9740561
2.3519452
2.5647755
2.115541
2.6323698
2.1523125
2.4906254
2.546854
2.608519
2.2777016
2.480228
2.1739192
2.4554253
2.3161645
2.7593608
2.0247412
2.5004354
1.9876769
2.2433558
2.466951
2.2429833
2.3201513
2.337499
2.1901252
2.286308
2.3102076
2.291389
2.0241098
2.4531486
2.270123
2.2357116
2.496105
2.0732625
2.2643707
2.3497148
2.267903
2.1812978
1.9952643
2.1778507
2.0968115
2.1194901
2.0233502
2.1465664
2.1827345
2.071056
2.2699037
2.2373004
2.445041
2.3461962
2.232903
2.5271006
2.2315073
2.1147468
2.00632
1.9630435
2.305574
1.9369928
2.0886612
2.3014882
2.1168203
2.315595
2.2188458
2.4118154
2.2413712
2.2394574
2.506563
2.2041788
2.3482487
2.2454667
2.2719402
2.108561
2.225893
1.9187114
2.074519
2.183187
2.211835
2.1168203
2.1666298
2.1173398
2.248253
2.7279701
2.0920448
2.17697
2.3113966
2.0622578
2.4024658
2.1494496
2.2300386
2.2604184
2.0401711
2.52248
2.3977878
1.7948108
2.6380754
2.4850543
1.9420285
2.203911
2.3605638
2.2134843
2.431885
2.3317933
2.3825474
2.2093265
2.28992
2.1249661
2.4834976
2.1292124
2.5178828
2.161562
2.1715586
2.0797172
2.5774128
2.3278677
2.3158112
1.84991
2.4713104
2.2364378
2.6061985
2.3392968
2.4554367
2.2151918
2.5138521
2.2797508
2.5007825
2.2705574
2.1555147
2.0283031
2.561998
2.4978843
2.2024271
2.2022638
2.0766234
1.9114778
2.074454
2.193105
2.225734
2.2902756
2.4826727
2.2714627
2.0862422
2.3778195
2.2517908
2.472931
2.2643404
2.2427373
1.7398964
2.382749
2.1039298
2.3047667
2.053185
2.3587906
2.1776893
2.1429806
2.2775772
2.3811834
2.0327125
2.0637457
1.5872886
2.1415052
2.1115367
2.3938756
2.3289812
2.0996842
2.208675
2.3137674
2.4406865
2.2354608
2.4254513
2.3965778
2.1442041
2.3007553
2.3738558
2.167572
2.4554756
2.1118217
2.2425716
2.2511044
2.003725
2.1304636
2.0986898
2.1822448
1.9200246
2.1608343
1.9802599
2.0144515
2.135384
1.9354079
2.015348
2.1370451
2.0800145
2.0874095
1.9619983
1.938736
1.9500524
2.087976
2.104045
2.1825027
2.0636728
2.2055736
1.9980029
1.922898
2.2536938
2.0804467
2.1224573
1.9461629
2.153786
2.1463995
2.058322
2.159239
2.2003238
2.2019424
2.125877
2.1190171
2.152129
2.4286213
2.262858
2.3937507
1.9301705
2.1170592
1.9761117
1.8319932
1.9461064
2.241249
2.5747256
2.318349
2.003949
1.7850231
2.2852714
1.9807866
2.159367
2.1946862
2.2305827
2.1354191
2.183426
2.1278007
2.4173784
2.137832
2.1522841
2.0348647
2.1418552
2.0894153
2.166338
2.0802345
2.0815675
2.2098503
2.2646298
2.1001225
2.0331979
2.2024837
2.1573656
2.2298622
2.3463726
2.4600759
2.262406
2.2553754
2.2367082
2.304352
1.8760673
2.5040758
2.416129
2.291003
2.3981621
2.2548523
2.077528
2.2756934
2.4846714
2.1665761
2.4133215
2.5205348
2.1847565
2.3095717
2.3829203
2.057045
2.1885157
2.3381164
2.3018546
2.2039995
2.0897455
2.466148
2.2217107
2.1904898
2.1964755
2.3150685
2.2540255
2.66816
2.533773
2.1922274
2.431246
2.2354393
2.3973122
2.6259556
2.081375
2.3953893
1.9818041
2.237033
2.0716841
2.0194666
2.274404
2.6512518
2.2251139
2.1710968
2.167511
2.2123954
2.0988097
2.2916431
2.1890254
2.4688842
2.1147344
2.318921
1.9485295
2.2723336
2.5103412
1.9246893
2.1942382
2.4886808
2.3134687
2.1326103
2.471531
2.2163727
2.1718826
2.2681804
2.4956274
2.0502343
2.2244017
2.5466213
2.4563003
2.4363143
2.0935993
2.2376783
2.1091394
2.0774999
2.2078907
2.2672844
2.156807
1.982779
2.590001
2.0693192
2.2391005
2.0209584
2.1956735
2.3896165
2.1369667
2.4076245
2.5745184
2.3332572
2.1550872
2.3700714
2.0697272
2.1597295
2.2451198
2.4890826
2.2835755
2.2185936
2.0898478
2.649824
2.2132068
2.2915947
2.15963
2.0560384
2.1522198
2.5504508
2.1886096
2.1823857
2.5993884
2.2360787
1.983834
2.3354297
2.0971203
2.6574771
2.36097
2.2247326
2.5647306
2.2189872
2.2388196
2.2568817
2.0695417
2.3000762
2.5304558
2.4096391
2.8080049
2.195653
2.211443
2.2382545
2.4892569
2.1336255
2.2179456
2.4259233
2.3166316
2.3291326
2.18153
2.1689262
2.3187873
2.4690485
2.590578
2.3460124
2.4297776
2.0910063
2.4088345
2.2884707
2.1621244
2.315057
2.1915493
2.2566237
2.3897893
2.3359852
2.3869507
2.1464849
2.2043915
2.4738035
2.2844658
2.4490817
2.212172
2.4201741
2.3929338
2.2190318
2.8790143
2.3319945
2.266148
2.171286
2.3626301
2.067687
2.2059727
2.3213086
2.367402
2.2887006
2.2913795
2.4619262
2.376915
2.5203009
2.3677926
2.4613712
2.1373587
2.100994
2.379255
1.8120792
2.4705648
2.4238927
2.3620625
2.1962647
2.2094793
2.3746135
2.3087802
2.1140623
2.1024837
2.2372527
2.268155
2.1031606
2.2969205
2.3069377
2.0383792
2.3220847
2.0562873
2.2532382
2.2646987
2.3889527
2.0360777
1.9474027
2.1139095
2.005427
2.2507837
2.244279
2.1401093
2.47216
2.018548
2.1822429
2.5263433
2.2656817
2.130711
2.3763514
1.8726416
2.4486363
2.3916569
2.445424
2.3138046
2.0183344
2.0963626
2.1857374
2.317687
2.5371914
2.2646718
2.2239265
2.108048
2.2378502
2.1617098
2.2756248
1.9300044
2.5198078
2.3609047
2.3107543
1.9870411
2.5214276
2.201024
2.1953712
2.1201003
2.3056755
2.1438403
2.7408748
2.3605764
2.2788873
2.1208184
2.1522088
2.3702977
2.0633945
2.4076662
2.3613367
2.0054245
2.0768828
1.9123456
2.325355
2.4639482
2.6210518
2.203847
2.4191787
1.81232
2.2865834
2.261094
2.036051
2.3470492
2.0526013
2.2078495
2.3807898
2.200338
2.4962196
2.3779113
2.313646
2.3622153
2.265219
2.5582175
2.133115
2.6184597
2.5358467
2.219355
2.5056248
1.9578412
2.137338
2.4100971
2.1836925
2.3503494
2.1699445
2.3362718
1.8475388
2.1461625
2.5805972
2.4058323
2.4949462
2.0880885
2.3141844
2.4082825
2.134314
2.2332177
2.0109553
2.286439
2.3046155
2.1038747
2.2693186
2.2956672
2.4045753
2.205335
2.4415107
2.171813
2.2945707
2.0730536
2.4629028
2.391078
2.3308506
2.0276124
2.530927
2.4645224
2.110547
2.3801084
2.1132748
2.215311
2.5613642
2.3710072
2.1784906
2.2284696
2.6149812
2.214612
2.432293
2.561413
2.4020226
2.21063
2.2522733
2.2744906
2.1874976
2.1160815
2.1469657
2.5894942
2.2273664
2.4775896
2.118823
2.2111626
2.1278856
2.4544501
2.2799735
2.1754718
2.1254787
2.139008
2.137516
2.432107
2.0358388
2.318417
2.1809258
2.4299586
2.0511074
2.3319094
2.211112
2.1157677
2.037016
2.757718
2.5157914
2.1883812
2.3370047
2.530632
2.0906107
2.5576062
2.3832345
2.6582286
2.4823978
2.316486
2.0771556
2.3758235
2.261118
2.1849723
2.165141
2.3454504
2.411168
2.2652216
2.3824244
2.4349337
2.3466477
2.4332147
2.2117746
2.6734133
2.0156953
2.3143783
2.389614
2.2397316
2.1405962
2.6909647
2.4817972
2.556515
2.266103
2.209612
2.2857726
2.1646156
2.2394779
2.066164
2.3462193
2.2157657
2.166066
2.4710803
2.0817947
2.3997698
2.5079455
2.402206
2.322412
2.197536
2.321815
2.1130264
2.2152178
2.4274082
2.4167614
2.3032684
2.4370372
2.5148993
2.2188935
2.4539347
2.4525046
2.4220865
2.4915333
2.3320832
2.2501988
1.9605439
1.9720292
2.2131193
2.2603595
2.44949
2.479048
2.3322659
1.9807415
2.2017527
2.6295917
2.1258302
2.107885
2.2553415
2.4203153
1.9526675
2.1529016
2.110024
2.3473058
2.5339134
2.532682
2.4998994
2.5393639
2.5570507
2.6495092
2.1756797
2.0626369
2.1870637
2.4968648
2.1152549
2.253275
2.3576417
2.2895386
2.463377
2.5330539
2.4719987
2.3582835
2.4304996
2.1978128
2.5296094
2.1543684
2.0975604
2.2884803
2.3220541
2.5319004
2.4011729
2.4780672
2.024612
2.4419007
2.5109706
2.2953453
2.641396
2.4139316
1.9119401
2.1045063
2.126575
2.0815904
2.358102
2.264566
2.5395484
2.2600894
2.0939343
2.3169556
1.9944712
2.5269704
2.243862
2.190905
2.2649837
2.3242729
2.1704302
2.5535166
2.4430149
2.2546477
2.2870457
2.4244554
2.2743793
2.5279832
2.245151
2.41018
2.399617
2.318847
2.2325954
2.1717815
2.3432446
2.35877
2.2999306
2.309935
2.3516057
2.098251
2.2134337
2.4306579
2.27758
2.0646753
2.2545013
2.2128596
2.2278748
2.2163744
2.2067044
1.90952
2.4206455
2.3665133
2.3819022
2.0899315
2.2175984
2.4145494
2.0204732
2.3797536
2.3427534
2.4137197
2.3220134
1.867743
2.0667796
2.4221096
2.2702684
2.0945163
2.1606698
2.2684503
2.0523543
2.3027458
2.2215323
2.3007703
2.1977274
2.500794
2.3529375
2.3060927
2.2782524
2.3840055
2.2222717
2.4372907
2.348353
2.1569629
2.186294
2.3708215
2.3175726
2.5096636
2.3803172
2.2851815
2.5579145
2.3783867
2.2224798
2.3199441
2.3114407
2.4722533
2.3051913
2.1829166
2.1951303
2.2334976
2.3570418
2.421856
2.1703775
2.2845793
2.3138967
2.2941914
2.1626709
2.4832609
2.6708405
2.3763046
2.3444865
2.0951476
2.6591053
2.283763
2.3160853
2.3279643
2.2115927
2.0892904
2.1920838
2.3260703
1.9600729
2.3444734
2.3247328
2.31916
2.2148995
2.3463745
2.32031
2.0806978
2.3002207
2.395989
2.2801132
1.9926497
2.5040472
2.3610477
2.728577
2.491488
2.3258944
2.3499737
2.4141214
2.3143587
2.4528024
2.3319187
2.4170148
2.4282422
2.470367
2.4771893
2.2392416
2.5345585
2.4137723
2.354947
2.329994
2.494854
2.471375
2.1020908
2.5226655
2.2143662
2.3835044
2.2289307
2.0557024
2.6406443
2.5794613
2.3593998
2.4752004
2.4393706
2.5615685
2.489242
2.5447936
2.4316854
2.2685776
2.3801918
2.3438268
2.3036447
2.4798641
2.4228907
2.0360432
2.3068607
2.4487476
2.2072296
2.4945025
2.256667
2.1041317
2.629122
2.3756495
2.488566
2.7581818
2.4528303
2.4825783
2.4379306
2.2899957
2.4093
2.4563198
2.1800056
2.15934
2.0531769
2.6241307
2.4821475
2.2933888
2.349731
2.5839438
2.4763403
2.363662
2.3696198
2.5972023
2.1733484
2.4212694
2.0993605
2.1444314
2.2683487
2.2229912
2.1578023
2.5287325
2.1447058
2.3489823
2.5892568
2.1121914
2.567227
2.4026384
2.2045588
2.4596834
2.5176806
2.3057444
2.3527358
2.7031534
2.1168237
2.533543
2.5598586
2.4742296
2.2504413
2.146617
2.2440178
2.474613
2.3332338
2.5818467
2.3650568
2.4657788
2.3576262
2.2751226
1.9892392
2.4857306
2.127268
2.1948693
2.482461
2.3909144
2.1707125
2.0216627
2.3919969
2.3772473
2.4114447
2.2946217
2.4177194
2.270827
2.508657
2.401574
2.5200684
