3989.0
6487.0
7078.0
3451.0
9533.0
7492.0
3322.0
4242.0
4365.0
7400.0
3170.0
1895.0
3665.0
4338.0
3364.0
450.0
320.0
3516.0
710.0
6239.0
380.0
5303.0
3991.0
3038.0
870.0
1809.0
1641.0
750.0
3127.0
6537.0
3894.0
2954.0
3556.0
6394.0
1313.0
6153.0
3620.0
3944.0
6764.0
9518.0
2849.0
6443.0
480.0
6510.0
4087.0
3619.0
7905.0
6588.0
1724.0
7860.0
5211.0
3498.0
8752.0
3422.0
4929.0
150.0
8546.0
6889.0
5721.0
3522.0
7255.0
8146.0
3213.0
7954.0
5839.0
2930.0
3859.0
8483.0
1595.0
6431.0
6200.0
470.0
3472.0
3002.0
9501.0
290.0
8237.0
6298.0
560.0
8263.0
5670.0
6611.0
6707.0
3343.0
3644.0
8306.0
3865.0
5212.0
5551.0
8823.0
3447.0
8164.0
6257.0
6671.0
8261.0
3705.0
8227.0
4013.0
6407.0
9559.0
4882.0
6246.0
6128.0
5107.0
3265.0
8599.0
6321.0
1559.0
3475.0
7658.0
6535.0
5516.0
5536.0
7194.0
6137.0
8572.0
9707.0
3704.0
927.0
400.0
3273.0
5581.0
3626.0
8494.0
2992.0
3356.0
6094.0
7920.0
400.0
9184.0
3901.0
3617.0
9393.0
2819.0
6694.0
3667.0
8631.0
3575.0
3243.0
7092.0
3412.0
5189.0
3687.0
3443.0
7988.0
6074.0
4058.0
9035.0
8051.0
9072.0
5548.0
6653.0
3280.0
3198.0
6828.0
3382.0
3415.0
3065.0
3532.0
10142.0
2625.0
3505.0
3163.0
8140.0
897.0
3386.0
3231.0
6322.0
250.0
8286.0
5854.0
3185.0
8676.0
3578.0
5843.0
3019.0
3835.0
6230.0
5855.0
6399.0
8791.0
6084.0
3741.0
3796.0
5546.0
3512.0
6439.0
8671.0
3430.0
3247.0
7355.0
6916.0
500.0
8770.0
520.0
3224.0
2887.0
3049.0
6350.0
2522.0
3049.0
6332.0
5756.0
1645.0
6332.0
5662.0
3437.0
5995.0
5418.0
3081.0
160.0
5557.0
3491.0
3700.0
5347.0
3138.0
3700.0
8276.0
3228.0
6445.0
5631.0
3336.0
3406.0
8164.0
3419.0
3406.0
5935.0
3419.0
4584.0
6124.0
3147.0
5976.0
5371.0
3575.0
3036.0
6077.0
8342.0
9480.0
5483.0
3304.0
6146.0
9252.0
3394.0
5035.0
100.0
3680.0
7278.0
100.0
3416.0
3524.0
100.0
3497.0
6431.0
3043.0
8993.0
6584.0
7554.0
9173.0
3687.0
8764.0
9254.0
3687.0
9404.0
3575.0
3441.0
8717.0
8904.0
3740.0
3235.0
6126.0
6071.0
3260.0
250.0
8932.0
5682.0
3129.0
6376.0
5702.0
9587.0
3792.0
7978.0
9596.0
5890.0
8827.0
9714.0
6421.0
5774.0
6719.0
6301.0
7510.0
1798.0
5068.0
3147.0
3539.0
4068.0
5751.0
3479.0
430.0
3158.0
6142.0
3441.0
6394.0
3270.0
2225.0
4079.0
3663.0
6680.0
3404.0
3629.0
810.0
3354.0
6492.0
9559.0
5750.0
4838.0
2483.0
8185.0
9770.0
9589.0
8272.0
2193.0
9796.0
8545.0
6561.0
6803.0
8267.0
3530.0
3796.0
8878.0
6645.0
3956.0
5558.0
2556.0
6667.0
6182.0
3197.0
2941.0
7970.0
3238.0
5203.0
7582.0
270.0
3406.0
6803.0
3325.0
5348.0
3418.0
3580.0
3598.0
6931.0
3573.0
3489.0
5911.0
3552.0
9179.0
6495.0
2597.0
190.0
8362.0
3567.0
6280.0
8467.0
6559.0
3440.0
7489.0
5974.0
6243.0
4987.0
4695.0
9277.0
7894.0
3390.0
5896.0
8546.0
3147.0
3278.0
8609.0
5807.0
3856.0
8572.0
858.0
9690.0
5979.0
4088.0
10101.0
8460.0
7667.0
3276.0
6637.0
6442.0
5512.0
5083.0
6442.0
3564.0
5848.0
6199.0
3378.0
8509.0
2806.0
3585.0
2974.0
620.0
6686.0
5620.0
6010.0
5492.0
5806.0
6139.0
3732.0
8574.0
4654.0
3506.0
5797.0
5938.0
8935.0
3167.0
9487.0
9809.0
5635.0
3522.0
3842.0
8149.0
5179.0
4628.0
6129.0
6050.0
6580.0
8269.0
6363.0
1481.0
6595.0
3344.0
3555.0
6880.0
300.0
9224.0
5627.0
3619.0
1957.0
5897.0
3556.0
6790.0
4619.0
3577.0
3869.0
5753.0
6048.0
6506.0
6056.0
5670.0
3787.0
5705.0
6201.0
3067.0
3815.0
9591.0
9562.0
8379.0
3384.0
6301.0
5935.0
6588.0
6223.0
5558.0
8903.0
7641.0
6008.0
9047.0
3421.0
3466.0
8192.0
4463.0
7895.0
8813.0
6750.0
8120.0
3230.0
9094.0
3713.0
3562.0
6273.0
7880.0
3284.0
5130.0
8315.0
3556.0
3314.0
5825.0
3601.0
9709.0
5620.0
9382.0
3901.0
6000.0
9517.0
3995.0
2868.0
3992.0
6181.0
2454.0
3992.0
6253.0
6596.0
6035.0
6475.0
7129.0
8908.0
6493.0
8684.0
5683.0
3837.0
5535.0
6208.0
8729.0
5637.0
9208.0
5804.0
8102.0
6298.0
6011.0
8204.0
6028.0
4027.0
8429.0
6406.0
4099.0
6464.0
6262.0
8689.0
7973.0
8800.0
7720.0
7574.0
9079.0
3400.0
6416.0
1354.0
5059.0
6416.0
6644.0
5441.0
7915.0
3866.0
9882.0
5378.0
9076.0
6331.0
6263.0
9156.0
6385.0
3169.0
5954.0
6773.0
7702.0
5522.0
3457.0
5863.0
5243.0
3614.0
5369.0
5720.0
3551.0
6769.0
6008.0
6198.0
8101.0
5560.0
9207.0
8246.0
5978.0
9263.0
5609.0
4937.0
5716.0
8456.0
4928.0
4849.0
8038.0
200.0
9342.0
7877.0
200.0
3537.0
2692.0
3232.0
7357.0
8762.0
6721.0
3978.0
3656.0
6528.0
490.0
5476.0
390.0
1120.0
5791.0
9069.0
3351.0
5725.0
9186.0
10092.0
5302.0
3526.0
6942.0
5618.0
4596.0
8617.0
3194.0
9179.0
5422.0
8488.0
4011.0
6656.0
2698.0
6251.0
5942.0
2074.0
6251.0
3575.0
4957.0
6382.0
6167.0
9289.0
6256.0
5004.0
8458.0
3862.0
9142.0
5261.0
3862.0
8917.0
8209.0
6139.0
8485.0
5507.0
3970.0
6757.0
5186.0
7858.0
6061.0
1327.0
8971.0
6105.0
3438.0
9187.0
6351.0
4618.0
8359.0
9231.0
5677.0
7063.0
3394.0
6084.0
3418.0
4367.0
5608.0
3282.0
6352.0
3313.0
370.0
420.0
4904.0
330.0
4544.0
280.0
330.0
4049.0
5659.0
3383.0
6204.0
220.0
940.0
5080.0
8854.0
6239.0
6305.0
4648.0
3350.0
950.0
6998.0
5674.0
6335.0
8036.0
6088.0
6691.0
8198.0
220.0
6547.0
8302.0
6741.0
6817.0
8594.0
5081.0
440.0
2777.0
4127.0
620.0
8343.0
9015.0
4773.0
3130.0
7036.0
6596.0
7139.0
3755.0
6702.0
2651.0
3378.0
7341.0
5707.0
3378.0
6251.0
5386.0
6300.0
5655.0
8817.0
3845.0
3210.0
5548.0
5310.0
6553.0
3883.0
3700.0
3588.0
5948.0
6500.0
2557.0
5551.0
6046.0
5982.0
5875.0
6888.0
6288.0
3608.0
4312.0
3742.0
5228.0
5970.0
3624.0
5527.0
3551.0
6183.0
8609.0
6152.0
6020.0
5389.0
4748.0
3999.0
8356.0
7250.0
3486.0
8608.0
6170.0
3259.0
3254.0
3909.0
9228.0
8359.0
3369.0
3322.0
6149.0
3279.0
3507.0
4537.0
2359.0
4242.0
5840.0
1170.0
2955.0
6529.0
1170.0
9336.0
7958.0
3298.0
6193.0
8561.0
3051.0
9123.0
7717.0
5188.0
5991.0
7951.0
9002.0
9201.0
6091.0
3051.0
6473.0
5350.0
8737.0
6632.0
8107.0
7828.0
4071.0
6420.0
3015.0
7832.0
8401.0
5729.0
4036.0
5730.0
3261.0
3270.0
5422.0
3513.0
6125.0
3471.0
3288.0
6759.0
5942.0
3279.0
7566.0
8636.0
2928.0
8808.0
8694.0
3376.0
7197.0
6795.0
9425.0
6411.0
7919.0
4016.0
7935.0
8138.0
4299.0
9033.0
5072.0
6621.0
6529.0
5673.0
6062.0
6505.0
5964.0
6239.0
9237.0
7954.0
160.0
8260.0
7985.0
2984.0
3130.0
8869.0
6509.0
3130.0
1165.0
9232.0
8644.0
8257.0
7441.0
7415.0
7555.0
8690.0
3180.0
5527.0
7553.0
3432.0
5509.0
220.0
9349.0
8043.0
3050.0
2271.0
4902.0
8947.0
6292.0
7701.0
4488.0
6576.0
5144.0
3554.0
4686.0
5918.0
3392.0
4326.0
8150.0
3527.0
9450.0
8153.0
3237.0
9531.0
7504.0
8278.0
5986.0
8441.0
3167.0
8694.0
6662.0
6463.0
6577.0
8296.0
5743.0
5111.0
7234.0
3049.0
5544.0
8399.0
5002.0
6043.0
7085.0
6076.0
3096.0
3458.0
3907.0
6051.0
7984.0
3236.0
3905.0
6791.0
3295.0
5961.0
4689.0
5515.0
6534.0
5462.0
7284.0
6392.0
8639.0
6424.0
5423.0
8583.0
6205.0
8303.0
5690.0
3793.0
3510.0
5078.0
9253.0
9305.0
5987.0
9316.0
6025.0
5603.0
8902.0
3575.0
5918.0
3863.0
3244.0
1100.0
6993.0
6411.0
8678.0
8668.0
6612.0
2912.0
6430.0
9019.0
4042.0
6053.0
3524.0
3914.0
8635.0
5221.0
7202.0
8914.0
3637.0
6307.0
9310.0
6438.0
8051.0
8527.0
3232.0
490.0
8599.0
6902.0
6733.0
3648.0
8745.0
1311.0
3225.0
5977.0
8447.0
6823.0
3215.0
2931.0
9833.0
3163.0
5498.0
5945.0
3144.0
5380.0
6848.0
2223.0
5303.0
1701.0
3775.0
2480.0
3487.0
6527.0
2684.0
3762.0
6929.0
2959.0
3622.0
6355.0
3176.0
8402.0
9310.0
8281.0
9573.0
6678.0
8320.0
3846.0
6341.0
5684.0
8200.0
2942.0
5261.0
1826.0
4388.0
8581.0
8706.0
8129.0
8459.0
8847.0
450.0
8585.0
8481.0
200.0
4682.0
6399.0
260.0
6973.0
5670.0
3118.0
2840.0
5832.0
3737.0
8147.0
9033.0
6632.0
150.0
8547.0
4975.0
8813.0
9096.0
8458.0
2707.0
8112.0
9512.0
8036.0
3327.0
9328.0
5545.0
7815.0
9496.0
7442.0
8610.0
3546.0
5603.0
6467.0
1430.0
8320.0
80.0
9498.0
8833.0
3978.0
9198.0
7357.0
1060.0
790.0
7261.0
6221.0
4929.0
5380.0
5900.0
3416.0
5207.0
3125.0
6669.0
8291.0
6619.0
6435.0
5092.0
6280.0
5951.0
340.0
3259.0
9918.0
5584.0
8876.0
1089.0
5528.0
9099.0
5993.0
8141.0
3512.0
9615.0
8435.0
3903.0
9267.0
8651.0
3318.0
3370.0
3385.0
3312.0
6319.0
2761.0
2941.0
3390.0
5447.0
3647.0
9081.0
5236.0
8660.0
6912.0
4579.0
4109.0
9117.0
5501.0
3245.0
3248.0
2663.0
4869.0
7669.0
6395.0
3214.0
6412.0
8034.0
3196.0
6538.0
6144.0
490.0
3593.0
8012.0
9492.0
8951.0
7635.0
3537.0
8069.0
5774.0
5877.0
9644.0
7607.0
3656.0
8895.0
3333.0
6249.0
9075.0
3149.0
3474.0
9300.0
4838.0
4051.0
6428.0
8309.0
7072.0
6569.0
6752.0
3329.0
4418.0
2624.0
5714.0
8586.0
8162.0
4011.0
6486.0
6707.0
1819.0
6499.0
8645.0
5910.0
6277.0
3505.0
3247.0
3338.0
5611.0
6058.0
5260.0
5944.0
3049.0
5468.0
7639.0
3049.0
5768.0
5684.0
3678.0
6147.0
8023.0
3303.0
9670.0
8147.0
5529.0
9093.0
7872.0
3700.0
5989.0
8315.0
3592.0
8586.0
5869.0
6357.0
9765.0
8414.0
6248.0
9167.0
7358.0
6347.0
9479.0
8180.0
4010.0
5953.0
8180.0
6277.0
9903.0
7325.0
6367.0
9404.0
5782.0
5065.0
9624.0
2650.0
4537.0
2718.0
5388.0
3199.0
3727.0
8160.0
6781.0
7858.0
8018.0
6396.0
6120.0
8873.0
6464.0
8896.0
8351.0
1487.0
6537.0
7862.0
6357.0
6315.0
7930.0
270.0
3302.0
8193.0
270.0
8535.0
5176.0
6764.0
6416.0
3046.0
3773.0
3785.0
4978.0
5852.0
3789.0
8230.0
6359.0
4151.0
8516.0
6200.0
5997.0
8573.0
9400.0
8558.0
1466.0
6289.0
6806.0
5699.0
4063.0
3749.0
7631.0
5812.0
3634.0
8063.0
4889.0
3495.0
2857.0
5654.0
1110.0
2238.0
2855.0
9147.0
5745.0
1073.0
8976.0
4470.0
3457.0
6361.0
8385.0
3340.0
8987.0
5582.0
3937.0
6365.0
5381.0
6152.0
4111.0
8595.0
6398.0
9068.0
7913.0
3594.0
9573.0
7814.0
7004.0
5005.0
5516.0
4013.0
8873.0
210.0
7611.0
9233.0
3228.0
660.0
8800.0
3759.0
8070.0
7864.0
5883.0
1357.0
8659.0
8573.0
6371.0
8416.0
2751.0
6182.0
7129.0
4514.0
6512.0
8740.0
7601.0
6390.0
6629.0
2566.0
3681.0
5902.0
2665.0
7825.0
9151.0
8534.0
720.0
6016.0
5606.0
3443.0
6088.0
1916.0
3631.0
8692.0
4319.0
3368.0
6238.0
5848.0
8949.0
4420.0
8272.0
3354.0
3283.0
5709.0
3683.0
3576.0
8399.0
6298.0
6296.0
5609.0
6617.0
3511.0
7469.0
3427.0
3574.0
7599.0
5808.0
5946.0
7956.0
6265.0
6180.0
8055.0
4090.0
3578.0
7589.0
4305.0
6165.0
8072.0
3689.0
5578.0
7850.0
6622.0
6906.0
4075.0
6105.0
4544.0
5768.0
5655.0
3533.0
8306.0
8970.0
4077.0
8197.0
5943.0
2033.0
5633.0
6135.0
1309.0
5510.0
6117.0
5214.0
7967.0
3413.0
3540.0
7802.0
3098.0
3789.0
6206.0
3116.0
4061.0
5966.0
8087.0
9538.0
5253.0
4017.0
540.0
7910.0
8715.0
6365.0
7962.0
8715.0
5863.0
1756.0
8235.0
6086.0
2760.0
3217.0
4419.0
7884.0
3578.0
6740.0
2711.0
3507.0
4157.0
7101.0
3062.0
4291.0
1249.0
3197.0
6361.0
3099.0
4216.0
3987.0
8122.0
6437.0
6510.0
8375.0
9696.0
6024.0
7670.0
6704.0
5655.0
5792.0
3300.0
5990.0
6673.0
6105.0
9138.0
8815.0
5233.0
8913.0
1550.0
6403.0
6587.0
5982.0
6428.0
6061.0
8347.0
4149.0
9225.0
969.0
4418.0
9662.0
8395.0
3911.0
6130.0
5719.0
4972.0
5913.0
8488.0
4972.0
10717.0
4384.0
170.0
7412.0
5806.0
5666.0
6473.0
5538.0
6910.0
3379.0
3765.0
5969.0
8982.0
8419.0
3528.0
4163.0
4688.0
3523.0
3045.0
2845.0
3473.0
8907.0
6035.0
3272.0
9347.0
6541.0
6275.0
9620.0
2954.0
9025.0
9295.0
4274.0
3462.0
9093.0
2789.0
240.0
9176.0
7042.0
5053.0
5417.0
8086.0
8956.0
3393.0
8107.0
6792.0
6603.0
8368.0
4364.0
3594.0
2663.0
6043.0
9373.0
8444.0
3515.0
9211.0
7451.0
3407.0
3225.0
5275.0
9295.0
9611.0
3776.0
3598.0
6728.0
8819.0
8941.0
6413.0
5517.0
9316.0
6214.0
3460.0
9334.0
4096.0
2670.0
520.0
3678.0
7427.0
3336.0
3499.0
3406.0
3446.0
8288.0
6598.0
9100.0
6519.0
5443.0
170.0
5826.0
5539.0
100.0
8959.0
40.0
7500.0
3390.0
7393.0
3580.0
6618.0
7571.0
3298.0
3635.0
8201.0
3651.0
6466.0
8125.0
3096.0
260.0
4313.0
6159.0
5949.0
7662.0
380.0
3251.0
8666.0
7157.0
4939.0
3112.0
6940.0
3251.0
8179.0
2013.0
3251.0
7879.0
6235.0
983.0
3962.0
3026.0
3521.0
3023.0
3628.0
6670.0
5573.0
6717.0
6202.0
2735.0
3022.0
3198.0
5117.0
3355.0
8953.0
8413.0
3322.0
9169.0
8623.0
3322.0
3981.0
6742.0
2952.0
3074.0
7976.0
6483.0
3430.0
3884.0
3561.0
3658.0
8403.0
9705.0
8392.0
5371.0
3580.0
7888.0
7904.0
9039.0
3721.0
5376.0
6013.0
6637.0
5381.0
9775.0
6175.0
5354.0
3427.0
6453.0
5816.0
3555.0
9222.0
5546.0
3302.0
8838.0
5629.0
5147.0
9144.0
8693.0
3561.0
6481.0
5480.0
3471.0
6259.0
6349.0
6242.0
8203.0
5719.0
1777.0
8590.0
6048.0
3028.0
6821.0
8522.0
6256.0
3594.0
6641.0
5986.0
6241.0
6965.0
6329.0
5272.0
8741.0
6608.0
5963.0
7400.0
1978.0
5990.0
8252.0
3576.0
8828.0
7736.0
3271.0
3330.0
5426.0
3785.0
3380.0
5714.0
9833.0
3302.0
8008.0
6291.0
3095.0
3285.0
7254.0
3401.0
2909.0
3505.0
3392.0
5920.0
9079.0
8213.0
8079.0
250.0
6174.0
5714.0
3159.0
4960.0
5538.0
7170.0
4960.0
5523.0
8226.0
3436.0
7948.0
3625.0
3952.0
5545.0
9618.0
6314.0
530.0
6082.0
3619.0
5914.0
3420.0
3738.0
8176.0
1743.0
9302.0
8011.0
3596.0
6438.0
5617.0
3863.0
6894.0
5615.0
3588.0
770.0
3052.0
3271.0
9432.0
8194.0
3388.0
9612.0
8702.0
3354.0
8786.0
5491.0
3354.0
3641.0
4696.0
3445.0
420.0
8119.0
3895.0
6144.0
8162.0
2846.0
6261.0
7916.0
4885.0
2139.0
7287.0
3686.0
3498.0
7353.0
6776.0
4065.0
8099.0
3866.0
3496.0
1978.0
6296.0
8790.0
8582.0
3375.0
6202.0
5420.0
3375.0
6337.0
5219.0
3276.0
6514.0
8051.0
3286.0
3459.0
5606.0
3070.0
4675.0
7385.0
3335.0
3732.0
8186.0
6715.0
3759.0
8438.0
3319.0
490.0
8027.0
3629.0
3644.0
8036.0
7739.0
160.0
8234.0
3280.0
6220.0
7088.0
6296.0
3688.0
7793.0
6269.0
320.0
4703.0
8947.0
3192.0
5423.0
9197.0
3409.0
5885.0
6314.0
3639.0
5228.0
6314.0
9678.0
6512.0
3704.0
3480.0
8264.0
4938.0
3597.0
7589.0
4947.0
6278.0
6266.0
3389.0
3310.0
6155.0
6400.0
430.0
8216.0
4302.0
430.0
7883.0
6262.0
8885.0
8393.0
5758.0
9389.0
5926.0
3530.0
7013.0
6226.0
3711.0
8762.0
8593.0
5092.0
8946.0
4870.0
480.0
9251.0
6671.0
6373.0
6349.0
3852.0
3788.0
4087.0
5958.0
4119.0
9330.0
7952.0
1605.0
9456.0
7648.0
4096.0
8617.0
5440.0
7240.0
5697.0
7654.0
9511.0
3527.0
5134.0
6514.0
3510.0
5026.0
3153.0
3727.0
8159.0
3270.0
726.0
6694.0
6245.0
7440.0
7192.0
3447.0
6921.0
7784.0
6168.0
6959.0
5621.0
3545.0
3730.0
2883.0
3286.0
9166.0
4421.0
2971.0
7028.0
250.0
8883.0
5938.0
4387.0
8858.0
3419.0
2801.0
7709.0
3275.0
5577.0
9518.0
2142.0
5024.0
4839.0
3285.0
8005.0
7178.0
3487.0
5228.0
9174.0
5968.0
7948.0
3389.0
9718.0
6320.0
4153.0
9754.0
8462.0
3461.0
5804.0
7652.0
8012.0
3953.0
8057.0
6964.0
6126.0
7196.0
3635.0
3208.0
5303.0
3333.0
2668.0
5447.0
8615.0
3446.0
5533.0
8876.0
700.0
8426.0
3412.0
6313.0
6986.0
5985.0
6095.0
8396.0
8349.0
3177.0
3335.0
6290.0
3177.0
4541.0
9144.0
6625.0
7417.0
7717.0
4180.0
4466.0
3541.0
6051.0
5126.0
8678.0
6124.0
8012.0
9334.0
6653.0
8156.0
6665.0
9470.0
6986.0
3049.0
3453.0
8219.0
3294.0
3457.0
5049.0
3731.0
7145.0
6064.0
4172.0
9008.0
8349.0
1124.0
7607.0
6055.0
6518.0
9324.0
8134.0
3042.0
3666.0
4470.0
3626.0
3143.0
5973.0
8993.0
8998.0
8244.0
3409.0
6217.0
8671.0
6166.0
3584.0
4535.0
6692.0
3751.0
3740.0
6322.0
3868.0
5342.0
6381.0
9336.0
8008.0
4010.0
5484.0
2740.0
9176.0
3178.0
5745.0
2622.0
1891.0
8182.0
6440.0
1891.0
8415.0
6741.0
3364.0
7795.0
6624.0
3328.0
7477.0
2635.0
3903.0
8014.0
6177.0
8720.0
3971.0
320.0
5003.0
5591.0
6996.0
6452.0
5480.0
3350.0
4238.0
8400.0
3495.0
9195.0
8054.0
8633.0
7447.0
7934.0
9056.0
9003.0
3503.0
9155.0
8761.0
8874.0
9011.0
7270.0
5087.0
9104.0
8092.0
8014.0
6656.0
8794.0
6069.0
4602.0
4239.0
8302.0
4025.0
4040.0
5335.0
3998.0
3336.0
7974.0
8093.0
6037.0
8005.0
3571.0
6244.0
5596.0
8244.0
5299.0
8325.0
3656.0
5033.0
5090.0
5339.0
4480.0
4864.0
3662.0
540.0
5377.0
8930.0
9091.0
8146.0
9452.0
650.0
3098.0
9023.0
8973.0
8473.0
8669.0
6336.0
8318.0
9182.0
3423.0
6778.0
7420.0
6790.0
5737.0
10218.0
3418.0
5531.0
10042.0
3148.0
3231.0
3886.0
6367.0
6898.0
3335.0
3487.0
6171.0
4156.0
3607.0
6050.0
9300.0
3749.0
8595.0
3770.0
290.0
8596.0
6151.0
8571.0
7957.0
6241.0
9213.0
6295.0
6635.0
3997.0
7427.0
3615.0
5944.0
4986.0
8850.0
8635.0
5702.0
9398.0
6829.0
7840.0
3233.0
9099.0
8179.0
1120.0
8694.0
8635.0
6551.0
4381.0
3933.0
6279.0
9378.0
7990.0
5955.0
5818.0
8219.0
6063.0
5377.0
5780.0
3529.0
6097.0
5879.0
4648.0
8728.0
6404.0
5682.0
8788.0
6857.0
3698.0
8322.0
4889.0
3377.0
3458.0
7886.0
430.0
6048.0
7283.0
7470.0
3718.0
7808.0
7308.0
6076.0
6527.0
7281.0
6349.0
4205.0
8997.0
6484.0
8393.0
9541.0
3667.0
3758.0
5690.0
2448.0
8249.0
8945.0
3226.0
6224.0
8819.0
5580.0
6314.0
6389.0
4366.0
7073.0
3892.0
3668.0
5945.0
7382.0
3906.0
7970.0
3365.0
5613.0
7524.0
6320.0
3874.0
5562.0
2996.0
9606.0
5370.0
6426.0
6667.0
8084.0
3797.0
6784.0
8498.0
6539.0
6017.0
5316.0
6395.0
4046.0
5730.0
4168.0
9811.0
2729.0
9491.0
3903.0
2815.0
6425.0
6549.0
3037.0
3615.0
6498.0
5734.0
420.0
3878.0
4654.0
3516.0
3228.0
2932.0
5798.0
5743.0
4204.0
8964.0
6388.0
2551.0
3328.0
6323.0
2902.0
8609.0
3498.0
5845.0
3640.0
5828.0
8329.0
8825.0
8722.0
8648.0
3167.0
5849.0
8057.0
3167.0
7184.0
6497.0
701.0
640.0
8873.0
3239.0
6374.0
5725.0
4141.0
5465.0
2941.0
8081.0
9611.0
3301.0
8723.0
3557.0
5347.0
3606.0
6735.0
5770.0
7269.0
530.0
8507.0
9186.0
6827.0
4291.0
9042.0
4384.0
5789.0
980.0
6890.0
8945.0
980.0
7868.0
8000.0
8193.0
4374.0
2934.0
9939.0
3551.0
2826.0
6741.0
4392.0
8194.0
9191.0
6460.0
5350.0
3678.0
3398.0
6901.0
3721.0
3533.0
5539.0
3390.0
3911.0
5514.0
2722.0
3610.0
5028.0
3452.0
3296.0
5589.0
9068.0
3387.0
8158.0
8996.0
6807.0
6034.0
3590.0
3640.0
7648.0
3591.0
5731.0
8017.0
3836.0
6642.0
8323.0
830.0
6995.0
8161.0
9413.0
6458.0
4306.0
9647.0
2017.0
5719.0
3369.0
6890.0
5393.0
8804.0
3678.0
5956.0
8759.0
6650.0
5225.0
3642.0
3678.0
7394.0
7184.0
2486.0
6412.0
8714.0
6591.0
3031.0
4624.0
3457.0
5330.0
5966.0
3546.0
8318.0
6272.0
9253.0
1921.0
6128.0
5190.0
5623.0
9826.0
7548.0
6595.0
7144.0
7294.0
5411.0
7092.0
4516.0
8005.0
8478.0
3541.0
5436.0
5328.0
710.0
5643.0
2646.0
3633.0
6986.0
7466.0
9016.0
5570.0
3407.0
9268.0
5643.0
3546.0
6556.0
5528.0
1377.0
9902.0
6282.0
6757.0
6376.0
3051.0
4229.0
6372.0
1485.0
8954.0
5755.0
8462.0
6236.0
3559.0
6151.0
3116.0
1422.0
5498.0
8642.0
5343.0
5425.0
8579.0
6479.0
6002.0
3015.0
5845.0
3211.0
3198.0
480.0
3094.0
6503.0
3695.0
6772.0
3888.0
6430.0
80.0
4077.0
6589.0
2192.0
7929.0
10054.0
160.0
8921.0
3478.0
160.0
5814.0
7734.0
7187.0
7536.0
4931.0
7984.0
9041.0
6109.0
7273.0
6665.0
3540.0
3064.0
9402.0
5282.0
6929.0
9123.0
9064.0
5975.0
8705.0
9277.0
3392.0
310.0
6677.0
5669.0
8867.0
3411.0
5615.0
3003.0
6442.0
6170.0
5781.0
3916.0
2813.0
3441.0
6138.0
2907.0
3485.0
6111.0
6074.0
8279.0
4046.0
2723.0
9412.0
9411.0
2738.0
6049.0
7078.0
4487.0
3574.0
4082.0
3821.0
9064.0
3819.0
5615.0
2226.0
6131.0
7610.0
3809.0
5978.0
5861.0
4799.0
3710.0
7649.0
6113.0
2517.0
7652.0
8565.0
520.0
5428.0
6150.0
3717.0
5914.0
2818.0
4112.0
8075.0
3845.0
3496.0
8150.0
3964.0
3990.0
4879.0
3682.0
7246.0
5480.0
5979.0
6516.0
2892.0
6620.0
6190.0
7175.0
5961.0
6365.0
8059.0
5538.0
7284.0
8248.0
6195.0
9111.0
3559.0
5403.0
8664.0
4975.0
5698.0
3805.0
5546.0
6731.0
8907.0
8678.0
7341.0
9006.0
7664.0
8721.0
9405.0
3167.0
6160.0
3113.0
8572.0
3659.0
3467.0
5222.0
5484.0
3504.0
5606.0
1944.0
3404.0
5255.0
3506.0
270.0
5669.0
3607.0
9126.0
7296.0
8777.0
6285.0
7129.0
6371.0
6258.0
8579.0
8990.0
3563.0
9098.0
8783.0
1891.0
7565.0
8730.0
1720.0
1922.0
4206.0
5168.0
5920.0
7841.0
6606.0
8335.0
3404.0
6081.0
5806.0
8264.0
6422.0
7828.0
8919.0
3383.0
5638.0
9207.0
3564.0
2708.0
9135.0
3348.0
2852.0
7291.0
2911.0
8216.0
510.0
3161.0
5675.0
6240.0
5185.0
8219.0
5727.0
6966.0
5540.0
5973.0
1344.0
8242.0
6900.0
6462.0
5017.0
4813.0
4899.0
8139.0
3463.0
6012.0
5476.0
4019.0
7440.0
6555.0
5050.0
6009.0
7360.0
5674.0
6477.0
8632.0
3946.0
5829.0
5858.0
6566.0
9123.0
7450.0
450.0
6992.0
5563.0
3551.0
6036.0
7643.0
5976.0
5830.0
8392.0
5580.0
3786.0
8389.0
6291.0
9299.0
5692.0
3857.0
6827.0
5194.0
570.0
3880.0
5338.0
3162.0
3073.0
2833.0
4247.0
3705.0
8326.0
9503.0
3885.0
8740.0
5872.0
8979.0
3862.0
6052.0
9492.0
7141.0
5746.0
6421.0
2644.0
5827.0
5581.0
8810.0
5719.0
3470.0
8345.0
5440.0
410.0
8831.0
3432.0
3482.0
7316.0
3513.0
6514.0
8108.0
3636.0
9455.0
6032.0
3013.0
3664.0
6119.0
3214.0
4333.0
7607.0
5733.0
3216.0
7741.0
5877.0
6335.0
5853.0
5940.0
1834.0
8419.0
6093.0
6259.0
3375.0
9177.0
6033.0
4410.0
8997.0
8799.0
6689.0
8925.0
6625.0
6078.0
3073.0
3609.0
6751.0
3347.0
8553.0
7595.0
10307.0
7608.0
6468.0
7556.0
8886.0
7740.0
8720.0
6399.0
2782.0
5564.0
800.0
4920.0
7833.0
6685.0
5849.0
7298.0
6013.0
2943.0
5138.0
6435.0
8600.0
6388.0
300.0
3523.0
8831.0
3501.0
3513.0
9284.0
300.0
120.0
8660.0
300.0
3031.0
9497.0
3426.0
4970.0
7436.0
3561.0
5357.0
7337.0
3456.0
6284.0
9239.0
3118.0
5290.0
6239.0
6807.0
8434.0
5942.0
4312.0
7884.0
4232.0
3614.0
5567.0
4178.0
3596.0
7106.0
5162.0
6009.0
6068.0
6584.0
9050.0
8132.0
7305.0
6299.0
7664.0
6723.0
1987.0
5123.0
8850.0
5668.0
8224.0
1010.0
430.0
8153.0
7464.0
4123.0
4799.0
3379.0
5808.0
8239.0
6357.0
3540.0
5292.0
6150.0
4059.0
8146.0
6439.0
7375.0
5164.0
6489.0
6746.0
5834.0
3526.0
3329.0
2884.0
4998.0
3955.0
7183.0
3572.0
6079.0
8036.0
5472.0
3456.0
5302.0
4514.0
190.0
7942.0
4926.0
190.0
6265.0
4755.0
9244.0
8739.0
6213.0
3851.0
8352.0
5709.0
1998.0
8568.0
6508.0
590.0
4331.0
4159.0
4455.0
8463.0
9641.0
1650.0
6525.0
9893.0
3513.0
4518.0
1989.0
4053.0
3627.0
6334.0
3529.0
7823.0
8481.0
6549.0
8228.0
7090.0
6207.0
3200.0
3973.0
8980.0
5741.0
5890.0
3408.0
8291.0
8350.0
4987.0
8634.0
9093.0
7261.0
2828.0
5980.0
7253.0
2342.0
4517.0
4011.0
5173.0
3964.0
3246.0
5173.0
4690.0
1965.0
8563.0
3899.0
520.0
5453.0
650.0
3735.0
8534.0
9610.0
4203.0
5057.0
9322.0
590.0
7997.0
3296.0
6625.0
7988.0
6567.0
640.0
8006.0
460.0
590.0
6629.0
9315.0
1500.0
8054.0
3463.0
3328.0
8313.0
6147.0
3728.0
7872.0
3129.0
210.0
8048.0
2823.0
720.0
3361.0
2175.0
210.0
8548.0
7752.0
9189.0
8429.0
6321.0
3622.0
7307.0
6054.0
3372.0
7955.0
8653.0
8730.0
5494.0
5729.0
2216.0
4332.0
6000.0
6212.0
8335.0
6090.0
6176.0
5675.0
5927.0
6455.0
8587.0
8753.0
3535.0
5761.0
6315.0
400.0
6101.0
9626.0
3921.0
7379.0
5927.0
3395.0
5666.0
6404.0
3603.0
6917.0
5927.0
400.0
5765.0
8803.0
3763.0
5558.0
9579.0
3376.0
7946.0
8485.0
6335.0
5042.0
9666.0
4137.0
5633.0
6525.0
4137.0
5480.0
3556.0
4310.0
5435.0
3700.0
4462.0
8030.0
4049.0
260.0
5297.0
3606.0
7829.0
5756.0
6202.0
9404.0
7950.0
4171.0
9580.0
7876.0
4676.0
3632.0
5204.0
6420.0
6211.0
4829.0
3787.0
4658.0
2702.0
6025.0
6205.0
5122.0
4597.0
6804.0
8148.0
3157.0
3656.0
8130.0
5767.0
9222.0
7984.0
6083.0
3420.0
7957.0
6956.0
7854.0
8034.0
907.0
6592.0
2953.0
9879.0
6385.0
5759.0
660.0
3673.0
4085.0
4182.0
1252.0
5498.0
8748.0
3786.0
6164.0
5815.0
5616.0
5210.0
6013.0
3699.0
5091.0
3370.0
3224.0
8201.0
3103.0
5878.0
6837.0
2914.0
7896.0
7508.0
5214.0
4034.0
5729.0
6330.0
3425.0
3422.0
6767.0
6162.0
8304.0
9115.0
6954.0
8439.0
9598.0
5747.0
6837.0
6401.0
3315.0
6804.0
1670.0
3651.0
7170.0
3569.0
6529.0
5807.0
3520.0
3728.0
7946.0
80.0
810.0
7418.0
80.0
3374.0
9020.0
3722.0
3158.0
6680.0
3770.0
3158.0
8492.0
6939.0
3377.0
7613.0
8530.0
530.0
7979.0
80.0
9372.0
8389.0
6773.0
3538.0
8186.0
5955.0
3649.0
6217.0
3712.0
2943.0
8562.0
3961.0
4077.0
8220.0
3386.0
6094.0
8343.0
3418.0
290.0
8251.0
6342.0
3663.0
8455.0
6900.0
8290.0
8405.0
6511.0
8722.0
4541.0
3818.0
8200.0
3555.0
6260.0
8875.0
4485.0
6135.0
8839.0
8410.0
3471.0
2581.0
5584.0
3390.0
3010.0
5464.0
6291.0
440.0
8158.0
9801.0
3940.0
1754.0
9006.0
6735.0
5453.0
8883.0
3207.0
4568.0
1617.0
6301.0
4842.0
9324.0
6622.0
7826.0
6297.0
9503.0
5319.0
5442.0
630.0
8629.0
7202.0
9687.0
7855.0
8454.0
380.0
4964.0
6439.0
6582.0
6185.0
3298.0
2903.0
8243.0
6539.0
6141.0
4709.0
6441.0
3945.0
8507.0
6558.0
3266.0
7022.0
4809.0
3106.0
7235.0
6496.0
760.0
2957.0
9659.0
8961.0
2200.0
3590.0
3683.0
5629.0
9500.0
9049.0
2269.0
1486.0
2361.0
2834.0
6711.0
6049.0
2723.0
6548.0
6325.0
2837.0
6008.0
7112.0
8051.0
5909.0
8984.0
4076.0
8009.0
6401.0
5554.0
4388.0
3435.0
9947.0
6132.0
3615.0
8212.0
4118.0
3372.0
5185.0
9034.0
3480.0
5185.0
9160.0
6654.0
5297.0
8764.0
7804.0
8333.0
2769.0
6468.0
5507.0
3588.0
9049.0
7516.0
9117.0
5616.0
6464.0
2925.0
3337.0
5684.0
8486.0
3580.0
7007.0
8022.0
9129.0
8096.0
8318.0
6356.0
7862.0
5826.0
3732.0
6926.0
9163.0
6649.0
4580.0
3522.0
8785.0
3084.0
3312.0
7138.0
7300.0
3312.0
560.0
5044.0
5049.0
5939.0
7298.0
3236.0
5928.0
5515.0
8990.0
3773.0
5542.0
3587.0
6274.0
5542.0
4074.0
5513.0
4239.0
7562.0
6758.0
7591.0
3503.0
3363.0
8293.0
4080.0
3205.0
420.0
6424.0
5983.0
6875.0
9107.0
5123.0
8158.0
5634.0
7516.0
8120.0
4026.0
778.0
5423.0
6956.0
9316.0
8103.0
3500.0
3265.0
5580.0
730.0
260.0
2908.0
7842.0
6496.0
6317.0
9476.0
3853.0
8315.0
5823.0
6387.0
8115.0
5970.0
1555.0
5931.0
8618.0
6555.0
8313.0
8771.0
590.0
8190.0
9011.0
6344.0
8112.0
7262.0
5910.0
6020.0
4412.0
4609.0
7853.0
8972.0
3384.0
4704.0
3326.0
6404.0
7787.0
5751.0
2133.0
6447.0
6174.0
3558.0
7967.0
5643.0
4323.0
5706.0
1538.0
9046.0
8517.0
3214.0
9100.0
5689.0
6001.0
967.0
7831.0
5805.0
3377.0
6697.0
4802.0
3532.0
5645.0
6580.0
6903.0
5446.0
6286.0
2871.0
5689.0
7017.0
8552.0
7731.0
7077.0
3604.0
8335.0
2958.0
610.0
7471.0
2724.0
6428.0
8040.0
3813.0
5771.0
5628.0
2724.0
3471.0
5449.0
5823.0
3471.0
5560.0
3436.0
3364.0
2716.0
4244.0
5193.0
6219.0
3368.0
6760.0
8885.0
3538.0
360.0
4903.0
6294.0
3638.0
7685.0
6006.0
360.0
8323.0
5511.0
8680.0
6001.0
3267.0
2948.0
5305.0
5650.0
1292.0
5248.0
4149.0
6199.0
7393.0
9389.0
3562.0
5484.0
3180.0
1601.0
8806.0
1782.0
9683.0
5618.0
3978.0
390.0
5960.0
4101.0
5824.0
5354.0
1790.0
6123.0
5543.0
3239.0
5961.0
4760.0
3041.0
5826.0
5594.0
3812.0
3691.0
8368.0
7014.0
4231.0
6727.0
3006.0
9323.0
8239.0
3369.0
3398.0
2912.0
9246.0
5347.0
4352.0
9348.0
3885.0
7916.0
4601.0
7064.0
7386.0
5364.0
3655.0
8210.0
6495.0
3687.0
5228.0
5970.0
8314.0
8144.0
5916.0
3635.0
8468.0
10014.0
6040.0
6549.0
6819.0
700.0
5778.0
7439.0
3354.0
100.0
6245.0
3916.0
7846.0
6454.0
6627.0
4589.0
6616.0
5142.0
3638.0
6319.0
9020.0
5540.0
6463.0
7873.0
8450.0
6200.0
9173.0
5581.0
8552.0
6186.0
6420.0
6075.0
6081.0
5435.0
9002.0
