10403.0
6351.0
710.0
7706.0
6544.0
3663.0
4080.0
4223.0
3525.0
3822.0
3099.0
670.0
4783.0
380.0
2972.0
4081.0
640.0
3489.0
710.0
2930.0
4140.0
9478.0
8751.0
8491.0
3420.0
8478.0
3678.0
2968.0
8856.0
4717.0
590.0
8850.0
4701.0
190.0
7437.0
7194.0
6196.0
3345.0
6906.0
3395.0
6108.0
1130.0
3331.0
5421.0
4643.0
6099.0
8267.0
4010.0
3703.0
8148.0
3886.0
6097.0
8415.0
3681.0
480.0
6645.0
3971.0
180.0
6813.0
3840.0
5946.0
7971.0
380.0
4493.0
8579.0
6501.0
8928.0
8478.0
4640.0
6029.0
5502.0
730.0
7639.0
8766.0
410.0
3184.0
8739.0
3448.0
2716.0
8670.0
690.0
7841.0
6894.0
4177.0
70.0
8481.0
6410.0
130.0
4971.0
3801.0
5837.0
8181.0
10414.0
5818.0
8253.0
8325.0
4115.0
8724.0
440.0
8903.0
8766.0
190.0
9302.0
8622.0
2875.0
8939.0
6732.0
1170.0
8782.0
7893.0
370.0
6432.0
5742.0
4469.0
6018.0
8610.0
3411.0
7013.0
5718.0
1100.0
8450.0
3504.0
3867.0
8699.0
8658.0
3155.0
9182.0
6147.0
3572.0
2995.0
3438.0
340.0
310.0
5646.0
3708.0
5563.0
8055.0
1975.0
5899.0
6732.0
8171.0
3041.0
8424.0
3683.0
140.0
8703.0
3589.0
9178.0
8604.0
410.0
8847.0
6831.0
400.0
1803.0
6570.0
3198.0
5757.0
8130.0
3469.0
6171.0
8289.0
650.0
3075.0
8082.0
5542.0
3000.0
8742.0
660.0
4860.0
8019.0
3688.0
2793.0
8343.0
3588.0
3331.0
8964.0
3095.0
6364.0
5508.0
5968.0
8174.0
7821.0
6734.0
2945.0
8631.0
9070.0
7519.0
7902.0
6045.0
8958.0
6582.0
4812.0
8814.0
8100.0
4203.0
3043.0
5310.0
3354.0
6181.0
5619.0
5833.0
8522.0
8154.0
8518.0
9180.0
5649.0
9253.0
8623.0
5574.0
6535.0
70.0
8040.0
3250.0
3871.0
7689.0
6250.0
6157.0
7194.0
9022.0
8557.0
7344.0
9403.0
190.0
7920.0
5914.0
3032.0
7950.0
2788.0
3032.0
6276.0
3352.0
6026.0
5310.0
3625.0
5963.0
5853.0
610.0
8926.0
8190.0
3199.0
2327.0
3663.0
3641.0
5885.0
8064.0
390.0
8423.0
8517.0
350.0
6347.0
4860.0
6074.0
6038.0
7605.0
330.0
6142.0
7785.0
610.0
4076.0
8244.0
2250.0
5648.0
5454.0
3176.0
6935.0
5313.0
3279.0
8692.0
3852.0
5797.0
8773.0
7632.0
3695.0
4659.0
8541.0
3632.0
5955.0
6924.0
5474.0
9080.0
7029.0
3210.0
130.0
8799.0
320.0
6157.0
7950.0
6889.0
5946.0
8334.0
3056.0
8922.0
8622.0
7072.0
6960.0
6696.0
8215.0
6021.0
8127.0
3343.0
6318.0
8325.0
1973.0
6112.0
5994.0
370.0
1657.0
8397.0
3723.0
4951.0
5580.0
340.0
6256.0
7632.0
5995.0
8024.0
8820.0
580.0
2354.0
7866.0
3982.0
8109.0
6966.0
620.0
3068.0
7857.0
1915.0
3230.0
7407.0
600.0
6056.0
8424.0
3642.0
8382.0
7020.0
4371.0
9210.0
7551.0
520.0
6203.0
8046.0
3221.0
1184.0
5535.0
500.0
1184.0
3087.0
3769.0
4569.0
8361.0
3624.0
3901.0
8397.0
500.0
4576.0
5409.0
50.0
6070.0
6912.0
50.0
5423.0
8109.0
50.0
3194.0
6759.0
3323.0
3104.0
7092.0
9569.0
7221.0
5238.0
5736.0
8937.0
7875.0
480.0
5988.0
7983.0
3670.0
6192.0
6507.0
7551.0
6426.0
5706.0
3331.0
9192.0
7947.0
620.0
7032.0
7605.0
620.0
6090.0
5670.0
490.0
5982.0
7623.0
490.0
9240.0
8730.0
3334.0
6018.0
6102.0
330.0
7491.0
5742.0
6658.0
8931.0
5265.0
6606.0
9258.0
8307.0
760.0
5645.0
7992.0
9132.0
8301.0
8253.0
9219.0
4160.0
5400.0
6786.0
3090.0
7128.0
590.0
7857.0
8073.0
870.0
8883.0
7668.0
4346.0
7263.0
8154.0
3390.0
6120.0
8370.0
9285.0
9162.0
8478.0
9564.0
7497.0
8424.0
6906.0
8487.0
8208.0
8676.0
8862.0
8235.0
9171.0
9084.0
6966.0
8982.0
8175.0
7776.0
7308.0
3093.0
8028.0
8784.0
8607.0
8361.0
5504.0
8580.0
8694.0
400.0
7613.0
4833.0
3723.0
8573.0
8208.0
3468.0
8252.0
8082.0
3247.0
8706.0
8712.0
5989.0
6507.0
7191.0
6208.0
8049.0
5409.0
9001.0
8571.0
6768.0
8536.0
9225.0
5040.0
8998.0
8856.0
5418.0
8998.0
9018.0
8397.0
3402.0
8505.0
4104.0
210.0
8964.0
6633.0
210.0
6273.0
8235.0
210.0
8820.0
7335.0
3725.0
7341.0
8226.0
3243.0
9159.0
5877.0
3243.0
8637.0
5499.0
6524.0
8808.0
6786.0
6443.0
8307.0
7626.0
6159.0
9312.0
6570.0
3330.0
8097.0
6060.0
3355.0
9042.0
8460.0
180.0
7314.0
8685.0
3177.0
8793.0
8805.0
220.0
6159.0
8037.0
3424.0
5990.0
8058.0
4874.0
8667.0
8100.0
9619.0
6849.0
8640.0
5695.0
5559.0
8127.0
3641.0
8295.0
8154.0
8743.0
8814.0
8325.0
7519.0
7635.0
8145.0
2714.0
8940.0
8391.0
1325.0
8841.0
8148.0
6322.0
8220.0
5382.0
6381.0
8877.0
8325.0
500.0
6699.0
5553.0
3880.0
9012.0
7938.0
800.0
9018.0
5760.0
6021.0
9000.0
6228.0
6602.0
8811.0
7758.0
3559.0
9126.0
5265.0
7464.0
8316.0
8199.0
7671.0
8820.0
5337.0
8958.0
8874.0
7524.0
3535.0
9036.0
6732.0
4878.0
8667.0
8406.0
1223.0
7434.0
8307.0
1223.0
6021.0
5139.0
270.0
6885.0
8244.0
500.0
8802.0
6219.0
840.0
8667.0
6723.0
710.0
5559.0
7857.0
6073.0
8523.0
8181.0
410.0
8802.0
7551.0
6217.0
8517.0
8469.0
500.0
9048.0
7785.0
3680.0
6315.0
8622.0
5938.0
6876.0
8055.0
200.0
8769.0
8010.0
3096.0
6981.0
8505.0
3294.0
8979.0
8073.0
3096.0
8133.0
6615.0
8548.0
2977.0
8361.0
7648.0
2833.0
7947.0
7828.0
3130.0
8199.0
8557.0
3130.0
8379.0
9205.0
3256.0
8235.0
9007.0
5899.0
8559.0
8980.0
6223.0
7776.0
8908.0
4144.0
8199.0
9025.0
6586.0
8181.0
5903.0
5977.0
6111.0
4238.0
7336.0
5769.0
4967.0
8641.0
7596.0
5084.0
2521.0
4887.0
6047.0
2521.0
5553.0
7939.0
8019.0
3492.0
3974.0
9189.0
5490.0
7598.0
8908.0
7290.0
520.0
8746.0
7956.0
3711.0
8932.0
4836.0
6513.0
6034.0
8037.0
6592.0
8998.0
7731.0
160.0
8688.0
6651.0
160.0
8708.0
8541.0
3964.0
6183.0
8568.0
3505.0
5898.0
8190.0
6514.0
9122.0
6840.0
3705.0
5997.0
8415.0
3615.0
9159.0
8352.0
1180.0
6789.0
8307.0
4020.0
6139.0
6291.0
890.0
5928.0
7857.0
6846.0
8031.0
8793.0
2560.0
8139.0
6966.0
4263.0
5357.0
7911.0
3362.0
8832.0
8271.0
6139.0
6049.0
8181.0
6290.0
6103.0
8262.0
6402.0
7503.0
5346.0
3687.0
7548.0
5418.0
3687.0
8448.0
8487.0
9475.0
7231.0
6678.0
9493.0
7783.0
3879.0
9061.0
6145.0
5499.0
9311.0
5752.0
8460.0
7047.0
5394.0
5454.0
5679.0
8911.0
5697.0
6946.0
7714.0
5463.0
850.0
5910.0
5157.0
570.0
4830.0
3717.0
6317.0
4730.0
4878.0
6428.0
8712.0
5193.0
6862.0
8922.0
4581.0
6468.0
8995.0
8208.0
640.0
8895.0
5148.0
8975.0
8868.0
5373.0
8926.0
7851.0
3051.0
710.0
6051.0
5283.0
3739.0
6126.0
5328.0
7417.0
8214.0
6633.0
9613.0
4530.0
6399.0
3375.0
8422.0
8088.0
570.0
8908.0
5193.0
5065.0
9418.0
6834.0
450.0
7213.0
5733.0
4738.0
8695.0
5490.0
9484.0
5986.0
5517.0
8764.0
8457.0
5670.0
9205.0
8853.0
4869.0
6278.0
2888.0
7194.0
6604.0
2898.0
7974.0
330.0
5115.0
8307.0
3947.0
6186.0
5292.0
750.0
160.0
6975.0
280.0
7833.0
4374.0
7486.0
5880.0
4122.0
970.0
9147.0
5157.0
380.0
6618.0
4671.0
380.0
6171.0
5697.0
380.0
6018.0
8586.0
500.0
3993.0
7749.0
500.0
6045.0
8298.0
500.0
8427.0
7137.0
1610.0
8526.0
8541.0
1610.0
5637.0
7461.0
240.0
2948.0
5724.0
4130.0
5652.0
5085.0
3587.0
5409.0
8451.0
9458.0
3035.0
8523.0
6156.0
3006.0
5751.0
3948.0
6267.0
3834.0
370.0
3015.0
8127.0
5773.0
9018.0
6444.0
3234.0
8991.0
7623.0
2667.0
8874.0
5067.0
3409.0
8534.0
5499.0
6232.0
5202.0
5886.0
6142.0
6057.0
3753.0
6520.0
7766.0
8334.0
3807.0
8850.0
8496.0
3744.0
8742.0
6867.0
3942.0
2139.0
8505.0
6241.0
5934.0
7668.0
4801.0
5799.0
5445.0
6025.0
6231.0
8217.0
6043.0
6072.0
5661.0
3603.0
2963.0
3816.0
6747.0
3270.0
5400.0
6262.0
2958.0
6045.0
4156.0
2967.0
8505.0
6763.0
5889.0
8073.0
6682.0
7808.0
8604.0
670.0
8782.0
4068.0
430.0
1412.0
6633.0
4170.0
5944.0
8181.0
3846.0
5989.0
6624.0
770.0
7821.0
6516.0
5410.0
8550.0
8460.0
3574.0
9009.0
7299.0
3313.0
8523.0
8145.0
3493.0
8751.0
5445.0
3615.0
5892.0
5553.0
500.0
5235.0
8118.0
740.0
5424.0
7731.0
740.0
8913.0
5391.0
9703.0
8819.0
8373.0
1713.0
6491.0
6696.0
3899.0
8855.0
8397.0
3506.0
9023.0
8748.0
3471.0
8501.0
7785.0
6824.0
8825.0
8649.0
360.0
9003.0
8514.0
3891.0
9018.0
8154.0
610.0
8976.0
7794.0
3766.0
8895.0
7596.0
6454.0
9036.0
7884.0
480.0
130.0
3843.0
480.0
4761.0
8595.0
6553.0
5673.0
8244.0
9253.0
5880.0
8433.0
9154.0
5727.0
8451.0
7486.0
5745.0
8190.0
8872.0
8315.0
7614.0
5940.0
8784.0
7434.0
5751.0
5862.0
7938.0
6066.0
5592.0
7290.0
6381.0
5907.0
7542.0
6084.0
5899.0
7650.0
5367.0
8565.0
7263.0
5127.0
9033.0
8460.0
4650.0
5952.0
5949.0
6297.0
5970.0
6831.0
610.0
7274.0
5391.0
490.0
6575.0
8118.0
3777.0
4757.0
6984.0
7017.0
5920.0
6660.0
8849.0
160.0
8037.0
8473.0
3035.0
8451.0
3816.0
5945.0
3609.0
6061.0
2985.0
7056.0
6384.0
9121.0
8235.0
6546.0
6126.0
8415.0
3816.0
5291.0
6471.0
440.0
5772.0
5634.0
9478.0
6032.0
8442.0
450.0
9013.0
5391.0
5935.0
5438.0
8208.0
6277.0
7304.0
4383.0
190.0
6746.0
8217.0
2337.0
9149.0
6516.0
7408.0
6257.0
3870.0
4942.0
5558.0
8370.0
3699.0
5670.0
8361.0
3414.0
8847.0
7623.0
3261.0
8554.0
7974.0
3504.0
5911.0
8820.0
6449.0
9093.0
8334.0
400.0
8193.0
8136.0
7472.0
7653.0
8397.0
4203.0
9078.0
7083.0
280.0
4890.0
8172.0
9842.0
9146.0
8199.0
3809.0
7276.0
8109.0
3971.0
8645.0
8541.0
6666.0
9149.0
8280.0
6293.0
8681.0
4926.0
1000.0
8456.0
7974.0
6129.0
7667.0
8559.0
3887.0
7784.0
6084.0
450.0
7802.0
7758.0
450.0
8878.0
5544.0
190.0
5833.0
5094.0
4476.0
8730.0
2880.0
190.0
6178.0
7497.0
3427.0
8487.0
5274.0
3445.0
8469.0
7407.0
4224.0
8635.0
7974.0
3407.0
8640.0
8325.0
3039.0
7569.0
6750.0
600.0
8946.0
4257.0
2070.0
4564.0
5292.0
3288.0
5185.0
8127.0
3756.0
6391.0
8757.0
3576.0
8806.0
4266.0
3320.0
6238.0
7659.0
2990.0
6265.0
8397.0
3107.0
7384.0
8307.0
6773.0
7294.0
6534.0
110.0
9013.0
8388.0
3882.0
7425.0
8316.0
6191.0
4061.0
8388.0
6065.0
5996.0
7830.0
6317.0
110.0
8046.0
5696.0
3294.0
7668.0
6101.0
3249.0
7893.0
9438.0
3249.0
7641.0
3199.0
8150.0
7578.0
6664.0
8864.0
8271.0
6502.0
9152.0
8217.0
6448.0
5737.0
8487.0
2996.0
5737.0
8514.0
2552.0
8878.0
8253.0
3312.0
8500.0
7443.0
6768.0
8318.0
5184.0
6201.0
7205.0
8361.0
6201.0
7532.0
5715.0
6252.0
6869.0
6546.0
6108.0
9002.0
5619.0
520.0
9287.0
9477.0
4279.0
6872.0
8163.0
6937.0
630.0
8082.0
490.0
6605.0
6789.0
260.0
3230.0
5778.0
3059.0
5888.0
8271.0
8375.0
6089.0
8271.0
9194.0
3507.0
8676.0
2981.0
6445.0
5841.0
560.0
6175.0
8397.0
6437.0
4371.0
8154.0
400.0
5253.0
9207.0
1145.0
7653.0
6246.0
130.0
4656.0
7335.0
4977.0
9048.0
5922.0
3077.0
8040.0
6930.0
3419.0
8913.0
6579.0
9380.0
9093.0
7110.0
3419.0
8751.0
6489.0
3280.0
8706.0
5283.0
8687.0
6018.0
3780.0
9191.0
5718.0
5382.0
3254.0
6852.0
8694.0
9445.0
7158.0
3870.0
530.0
8859.0
5850.0
9261.0
7212.0
8802.0
6620.0
7401.0
4986.0
3774.0
5291.0
7938.0
3380.0
8874.0
7632.0
5827.0
8919.0
6507.0
3040.0
7920.0
5085.0
420.0
6341.0
7407.0
3300.0
8006.0
8289.0
500.0
6061.0
8055.0
6541.0
6448.0
3555.0
3327.0
6241.0
7938.0
3234.0
3209.0
7542.0
3169.0
3209.0
8037.0
9816.0
3209.0
8469.0
5846.0
5791.0
8640.0
5668.0
9070.0
7785.0
769.0
9103.0
7992.0
769.0
5242.0
7182.0
769.0
7825.0
8766.0
210.0
7582.0
8991.0
976.0
7996.0
5859.0
3298.0
8744.0
5868.0
2968.0
9023.0
7884.0
3355.0
6021.0
5499.0
2964.0
7234.0
5391.0
3261.0
8609.0
5022.0
1916.0
9374.0
7884.0
390.0
4703.0
7920.0
7858.0
8537.0
7722.0
6543.0
8462.0
8154.0
3771.0
7526.0
8451.0
3298.0
8921.0
4302.0
3593.0
8419.0
5697.0
6350.0
7024.0
7767.0
5541.0
7627.0
8172.0
3792.0
8560.0
7605.0
8926.0
6625.0
4059.0
9217.0
4195.0
8406.0
3197.0
8041.0
6534.0
3457.0
8400.0
5229.0
6949.0
2811.0
3483.0
550.0
8898.0
5679.0
230.0
8124.0
4617.0
410.0
6004.0
5256.0
230.0
5968.0
5175.0
7759.0
5722.0
4203.0
3776.0
5792.0
4833.0
500.0
7078.0
7947.0
6621.0
3128.0
8037.0
960.0
5794.0
6201.0
6435.0
8353.0
8073.0
6080.0
7138.0
5661.0
670.0
8879.0
5832.0
380.0
5529.0
5076.0
450.0
5817.0
6093.0
6348.0
5607.0
5508.0
9818.0
6021.0
8406.0
3402.0
8471.0
8343.0
3319.0
8196.0
8334.0
3561.0
8382.0
8532.0
6004.0
3874.0
8361.0
420.0
8472.0
8460.0
670.0
9144.0
8289.0
670.0
6050.0
5148.0
7312.0
8879.0
5913.0
8113.0
8528.0
5859.0
3190.0
7856.0
4842.0
9694.0
4106.0
5355.0
3276.0
5681.0
5625.0
400.0
8075.0
5229.0
1935.0
7650.0
3501.0
100.0
8769.0
6192.0
3521.0
3317.0
4806.0
3241.0
8525.0
5166.0
3759.0
8895.0
5895.0
4160.0
8580.0
5562.0
6482.0
8534.0
4905.0
3779.0
8949.0
5112.0
3143.0
8841.0
4032.0
3400.0
8724.0
5400.0
6556.0
5774.0
4986.0
130.0
5974.0
3789.0
190.0
6064.0
4599.0
190.0
6273.0
4599.0
190.0
8724.0
4734.0
3214.0
8742.0
3366.0
3169.0
8337.0
4824.0
8376.0
9273.0
4005.0
7686.0
8751.0
3654.0
7713.0
8688.0
3654.0
6090.0
8967.0
3708.0
6270.0
9068.0
3735.0
3681.0
7248.0
3735.0
3661.0
8852.0
5589.0
5885.0
9176.0
5715.0
3029.0
5637.0
8757.0
3283.0
6250.0
8937.0
6218.0
5926.0
5967.0
3933.0
4279.0
8190.0
600.0
8849.0
6300.0
470.0
6113.0
7101.0
3946.0
5657.0
7713.0
6086.0
5576.0
8046.0
250.0
4457.0
7677.0
640.0
6230.0
6849.0
6074.0
5951.0
5949.0
6844.0
9444.0
5958.0
220.0
8414.0
6138.0
650.0
8696.0
5823.0
650.0
7085.0
3456.0
3133.0
5276.0
8298.0
3133.0
3072.0
7938.0
1576.0
6359.0
7713.0
2998.0
8885.0
8109.0
3214.0
9009.0
7920.0
9043.0
7416.0
8433.0
8656.0
8901.0
5472.0
6194.0
6860.0
8172.0
3404.0
8361.0
8640.0
3112.0
8255.0
4797.0
4345.0
6149.0
8199.0
3073.0
5885.0
6039.0
1325.0
9044.0
8577.0
180.0
6228.0
5679.0
1230.0
8489.0
7821.0
3830.0
4364.0
5580.0
3297.0
2831.0
5508.0
6316.0
8840.0
7605.0
6352.0
6100.0
7785.0
600.0
6187.0
7794.0
3832.0
5836.0
7938.0
2927.0
8714.0
6498.0
850.0
6070.0
7587.0
850.0
5945.0
8460.0
6847.0
5873.0
5337.0
9007.0
6538.0
4284.0
3013.0
8925.0
2754.0
6354.0
8581.0
5508.0
6462.0
8725.0
7614.0
580.0
8689.0
7119.0
580.0
6988.0
7587.0
440.0
8618.0
6111.0
3250.0
7355.0
6939.0
3250.0
7821.0
7704.0
610.0
9288.0
8532.0
3714.0
8919.0
6957.0
560.0
9252.0
5409.0
280.0
8874.0
8280.0
3560.0
8604.0
8154.0
130.0
7902.0
7794.0
130.0
4403.0
5580.0
3184.0
8372.0
5544.0
3470.0
8914.0
7740.0
6639.0
6389.0
8433.0
3691.0
8147.0
9999.0
2733.0
8435.0
5688.0
2126.0
8279.0
8406.0
3190.0
5966.0
7821.0
9013.0
5970.0
4518.0
3436.0
1748.0
8397.0
3518.0
2733.0
8028.0
4540.0
5913.0
6030.0
6081.0
8759.0
3195.0
6432.0
4458.0
7902.0
7950.0
8130.0
4932.0
6588.0
7194.0
8280.0
4104.0
5916.0
8055.0
6201.0
5724.0
5742.0
7980.0
4827.0
5868.0
400.0
5124.0
7200.0
9081.0
6078.0
8307.0
6057.0
5778.0
7497.0
620.0
8316.0
7842.0
9921.0
8910.0
6465.0
3723.0
8829.0
5112.0
6653.0
3069.0
5697.0
4655.0
5979.0
8451.0
6383.0
8480.0
8442.0
6169.0
5990.0
7308.0
3470.0
7110.0
7101.0
3272.0
8681.0
8226.0
3542.0
6480.0
8289.0
2952.0
8633.0
7713.0
5812.0
5972.0
7830.0
7438.0
8616.0
3924.0
320.0
7967.0
3816.0
240.0
3012.0
7578.0
250.0
8788.0
5724.0
250.0
5305.0
6426.0
250.0
6104.0
10827.0
3505.0
6001.0
8613.0
3363.0
6040.0
8433.0
3264.0
4538.0
7641.0
680.0
5978.0
8109.0
3375.0
8660.0
4725.0
4010.0
5840.0
5733.0
250.0
6127.0
6255.0
6708.0
7456.0
5751.0
6025.0
8424.0
6147.0
3613.0
8580.0
8028.0
6611.0
8553.0
8433.0
500.0
8643.0
8163.0
6296.0
7317.0
5346.0
190.0
9149.0
5202.0
190.0
9050.0
3699.0
8884.0
7739.0
8037.0
6895.0
6869.0
6255.0
8671.0
7191.0
5715.0
3267.0
2941.0
4788.0
2344.0
6119.0
4896.0
3949.0
6050.0
4896.0
3949.0
3200.0
7722.0
3435.0
6270.0
5913.0
3318.0
5056.0
5652.0
5976.0
5910.0
5823.0
3401.0
8730.0
7839.0
6412.0
3272.0
5463.0
3965.0
6200.0
5166.0
6281.0
5911.0
3420.0
6215.0
5396.0
4905.0
6113.0
8383.0
5724.0
6077.0
8482.0
8586.0
360.0
8779.0
8586.0
3218.0
8527.0
6705.0
5815.0
5710.0
9144.0
4357.0
8428.0
8319.0
3344.0
8635.0
8208.0
590.0
8941.0
7533.0
6312.0
8757.0
6519.0
880.0
8703.0
3870.0
730.0
7749.0
7515.0
730.0
3721.0
5265.0
3520.0
4432.0
3375.0
3583.0
8712.0
5247.0
340.0
8874.0
5346.0
340.0
8496.0
5490.0
6072.0
8316.0
4716.0
340.0
6556.0
4554.0
340.0
7060.0
3411.0
740.0
5665.0
7983.0
6791.0
1879.0
3915.0
3500.0
5748.0
5247.0
240.0
240.0
5310.0
6572.0
240.0
5148.0
4895.0
3220.0
7911.0
4814.0
3360.0
8460.0
4931.0
250.0
4950.0
4226.0
5611.0
5238.0
4904.0
6084.0
5994.0
3715.0
6264.0
3960.0
5990.0
5994.0
3204.0
1090.0
5670.0
3222.0
9467.0
4392.0
7677.0
8414.0
3834.0
8676.0
9053.0
5958.0
5706.0
480.0
6030.0
5643.0
6258.0
3654.0
5382.0
4593.0
4797.0
6129.0
730.0
5025.0
5985.0
6315.0
6015.0
5877.0
440.0
8241.0
5697.0
3780.0
3177.0
5823.0
290.0
5883.0
7713.0
290.0
5757.0
7659.0
8259.0
6295.0
7371.0
6538.0
3025.0
5859.0
4380.0
3804.0
5679.0
6018.0
3795.0
3456.0
7532.0
3930.0
8793.0
6261.0
9033.0
8343.0
6706.0
8268.0
8433.0
6199.0
4198.0
5904.0
3273.0
7818.0
7488.0
2905.0
8772.0
3951.0
6125.0
5845.0
8397.0
5286.0
7728.0
8253.0
10180.0
9177.0
7146.0
7102.0
6972.0
5607.0
6988.0
4639.0
5850.0
6671.0
6446.0
7623.0
460.0
9171.0
7290.0
6254.0
6124.0
8073.0
2523.0
8669.0
8685.0
3147.0
8723.0
8091.0
2634.0
8840.0
8091.0
7933.0
5989.0
8145.0
9130.0
9254.0
7812.0
160.0
8804.0
6273.0
800.0
8714.0
6165.0
6289.0
5852.0
8055.0
6478.0
8651.0
6156.0
3929.0
5744.0
7119.0
780.0
5627.0
6705.0
3279.0
5933.0
8541.0
520.0
5708.0
8820.0
520.0
6660.0
8001.0
3166.0
6849.0
6606.0
8077.0
8442.0
8361.0
520.0
8352.0
5598.0
520.0
8919.0
7587.0
520.0
8707.0
4734.0
520.0
8968.0
8487.0
4415.0
9301.0
7578.0
9304.0
8820.0
7182.0
6575.0
8712.0
4032.0
6399.0
9173.0
8613.0
9256.0
8682.0
5706.0
6077.0
9114.0
8361.0
6385.0
6279.0
8037.0
6439.0
7561.0
6642.0
3321.0
5166.0
7443.0
190.0
6210.0
5571.0
3589.0
6966.0
7245.0
6652.0
8343.0
7614.0
3364.0
8039.0
7821.0
2855.0
8849.0
7191.0
3336.0
8867.0
7281.0
3278.0
4963.0
6939.0
3278.0
9069.0
8226.0
3125.0
7356.0
5400.0
1166.0
8211.0
5670.0
1166.0
8775.0
7920.0
3335.0
7848.0
5634.0
3032.0
5705.0
3807.0
2373.0
8442.0
3393.0
3192.0
7195.0
8595.0
420.0
6570.0
7065.0
3276.0
8649.0
6777.0
9803.0
6920.0
7875.0
5994.0
9077.0
6291.0
250.0
8777.0
8280.0
250.0
8372.0
7182.0
370.0
9185.0
8442.0
3694.0
8243.0
7731.0
450.0
6966.0
6489.0
3334.0
8382.0
7245.0
3262.0
8208.0
8343.0
3268.0
9063.0
7029.0
3794.0
8667.0
8415.0
680.0
8823.0
8163.0
3978.0
9120.0
8262.0
6373.0
7499.0
8055.0
6274.0
8690.0
5544.0
4789.0
6653.0
7884.0
5826.0
8930.0
7722.0
480.0
8894.0
7992.0
4243.0
2930.0
5778.0
4389.0
2912.0
7119.0
3274.0
7560.0
7587.0
3274.0
8858.0
6210.0
3364.0
5093.0
8370.0
6236.0
5093.0
8100.0
9040.0
5921.0
7677.0
9688.0
6044.0
8442.0
3717.0
3095.0
6669.0
6793.0
3095.0
8424.0
9064.0
3221.0
7191.0
6298.0
8239.0
8046.0
6989.0
8950.0
7200.0
9160.0
5972.0
6885.0
8287.0
5990.0
7974.0
9385.0
6017.0
5976.0
9232.0
5774.0
8262.0
6082.0
6026.0
8136.0
6290.0
8735.0
8091.0
6457.0
6077.0
7479.0
6223.0
5969.0
7695.0
6277.0
5435.0
8154.0
6277.0
8554.0
7965.0
6034.0
9125.0
8091.0
5998.0
8510.0
4086.0
5980.0
6052.0
8199.0
3493.0
8842.0
8901.0
4756.0
7425.0
6147.0
5730.0
8616.0
7479.0
7065.0
8562.0
7542.0
7289.0
6113.0
6435.0
6034.0
6701.0
8460.0
5395.0
8519.0
8343.0
630.0
4842.0
8091.0
5986.0
8496.0
8253.0
3829.0
4343.0
6759.0
190.0
6116.0
7992.0
940.0
3185.0
8037.0
3112.0
5794.0
7443.0
6169.0
5026.0
6831.0
9458.0
5749.0
5985.0
6707.0
8309.0
7992.0
6137.0
5776.0
7623.0
3584.0
5884.0
7983.0
9554.0
3645.0
4977.0
5514.0
6138.0
8325.0
3336.0
8673.0
8424.0
3653.0
5977.0
6966.0
3150.0
5812.0
7794.0
430.0
6453.0
5922.0
3553.0
8694.0
6858.0
190.0
5670.0
8145.0
7432.0
9051.0
7587.0
300.0
8565.0
4005.0
4209.0
8232.0
7317.0
450.0
8484.0
6624.0
240.0
8799.0
6345.0
9427.0
8313.0
4293.0
490.0
9159.0
8433.0
9382.0
8412.0
8289.0
9409.0
7232.0
8037.0
3918.0
8625.0
8415.0
6432.0
7402.0
5706.0
3597.0
7513.0
6192.0
3870.0
90.0
7848.0
1030.0
7383.0
8037.0
3992.0
90.0
6057.0
8081.0
7220.0
8865.0
3833.0
90.0
7254.0
8656.0
6489.0
6363.0
440.0
6354.0
7947.0
4484.0
4638.0
7848.0
3692.0
7389.0
8451.0
6668.0
8523.0
8928.0
6362.0
8748.0
8370.0
6398.0
6232.0
8235.0
370.0
6327.0
8163.0
4529.0
6177.0
8208.0
3132.0
8849.0
8037.0
9092.0
6554.0
7569.0
6537.0
5778.0
8667.0
380.0
70.0
8118.0
5627.0
100.0
6120.0
5933.0
5829.0
7677.0
340.0
5505.0
8775.0
3365.0
5918.0
8424.0
220.0
6252.0
8055.0
220.0
9265.0
8289.0
3212.0
4723.0
8046.0
6415.0
5858.0
8217.0
5939.0
6029.0
7281.0
4152.0
8694.0
7479.0
1310.0
5976.0
8739.0
6280.0
6861.0
6939.0
3692.0
6294.0
8460.0
740.0
4230.0
7614.0
6490.0
3447.0
5805.0
3670.0
9084.0
8505.0
1763.0
7908.0
6174.0
3828.0
4392.0
8388.0
2599.0
8867.0
6714.0
7168.0
8327.0
8613.0
3677.0
6009.0
7956.0
3657.0
5829.0
7983.0
370.0
5658.0
8370.0
470.0
3117.0
8163.0
370.0
8997.0
8667.0
4939.0
9146.0
8253.0
9995.0
5741.0
8667.0
9757.0
9021.0
8505.0
6901.0
8691.0
8577.0
1020.0
8034.0
8019.0
3328.0
8646.0
6570.0
3257.0
8096.0
8361.0
3730.0
5966.0
7272.0
2354.0
6014.0
8604.0
6276.0
5964.0
8478.0
3320.0
5415.0
8496.0
8770.0
6491.0
8091.0
8905.0
8450.0
7542.0
9436.0
7949.0
7578.0
410.0
9137.0
8127.0
6329.0
7571.0
7911.0
410.0
7693.0
8982.0
3403.0
6703.0
8505.0
5783.0
9267.0
5841.0
5639.0
8463.0
8154.0
6492.0
6094.0
6606.0
5585.0
8517.0
8991.0
6323.0
6175.0
7722.0
6596.0
6193.0
5094.0
6668.0
5932.0
5490.0
3164.0
8382.0
8217.0
790.0
9189.0
6822.0
3490.0
7085.0
8163.0
6432.0
8877.0
8325.0
6716.0
7466.0
8127.0
3418.0
9032.0
8631.0
190.0
3649.0
7938.0
3498.0
5773.0
6588.0
3498.0
5197.0
8559.0
190.0
5854.0
8811.0
6809.0
5872.0
8496.0
9370.0
6214.0
8397.0
6702.0
8352.0
8388.0
640.0
8793.0
7983.0
4626.0
8793.0
6867.0
1250.0
7716.0
8109.0
3281.0
7341.0
8586.0
840.0
4586.0
8127.0
750.0
8725.0
8406.0
4023.0
8797.0
8325.0
6468.0
9121.0
6606.0
3676.0
5891.0
6804.0
540.0
8832.0
6768.0
670.0
8769.0
8181.0
3210.0
8869.0
6237.0
4566.0
8922.0
8532.0
8973.0
7626.0
6237.0
9315.0
8175.0
6858.0
8125.0
8760.0
8199.0
3247.0
7446.0
6777.0
980.0
6032.0
7731.0
920.0
8148.0
6957.0
4316.0
7578.0
10521.0
4081.0
8588.0
7155.0
6069.0
5739.0
8181.0
180.0
8307.0
8019.0
3355.0
5514.0
7263.0
6753.0
8754.0
10890.0
3194.0
3382.0
7911.0
6473.0
8059.0
6444.0
3202.0
6024.0
8856.0
3211.0
6051.0
6039.0
3139.0
3756.0
7461.0
2083.0
7270.0
7902.0
3004.0
8902.0
8910.0
3816.0
6115.0
8253.0
3274.0
8625.0
8055.0
8235.0
6690.0
6435.0
6132.0
5448.0
8991.0
6354.0
9486.0
6948.0
6070.0
6115.0
8676.0
6381.0
5953.0
7740.0
6102.0
4410.0
8541.0
920.0
5580.0
7704.0
6655.0
6309.0
9000.0
4638.0
5679.0
8334.0
3836.0
3126.0
8289.0
900.0
9101.0
8037.0
6448.0
2894.0
5355.0
9667.0
2984.0
8865.0
5665.0
5922.0
8424.0
9322.0
8733.0
8595.0
9349.0
8913.0
8190.0
8725.0
8937.0
8838.0
9292.0
5778.0
6813.0
8680.0
3036.0
6408.0
680.0
3036.0
5985.0
6483.0
7770.0
7623.0
6374.0
5514.0
7857.0
300.0
6064.0
6570.0
590.0
5656.0
7911.0
8349.0
9107.0
8829.0
9294.0
5757.0
7920.0
6222.0
5517.0
8370.0
9987.0
5788.0
8496.0
9595.0
9159.0
8352.0
3848.0
3136.0
6822.0
3910.0
130.0
4554.0
9175.0
8883.0
8253.0
8434.0
3146.0
6759.0
9217.0
8805.0
8379.0
1830.0
3199.0
8703.0
560.0
5926.0
8793.0
490.0
8271.0
8649.0
530.0
8910.0
7272.0
3467.0
8532.0
8307.0
530.0
5797.0
7398.0
530.0
4855.0
8577.0
6856.0
3096.0
6993.0
3292.0
3096.0
8109.0
3337.0
3303.0
8460.0
5498.0
3213.0
5148.0
3509.0
8594.0
7290.0
3205.0
3213.0
8370.0
3871.0
8153.0
8721.0
5964.0
6216.0
6642.0
400.0
3384.0
5724.0
400.0
3105.0
8073.0
760.0
3042.0
7929.0
350.0
3042.0
7299.0
3709.0
3042.0
8640.0
460.0
3033.0
8487.0
3340.0
3294.0
6156.0
3460.0
3087.0
7812.0
9150.0
180.0
8280.0
8436.0
8012.0
6246.0
1943.0
3201.0
8109.0
3806.0
3719.0
7893.0
3662.0
3432.0
6921.0
470.0
3312.0
6525.0
5123.0
5531.0
8649.0
6068.0
3204.0
8262.0
9325.0
3231.0
8775.0
5482.0
9070.0
7011.0
3404.0
150.0
7029.0
3620.0
752.0
5868.0
6739.0
2970.0
6957.0
660.0
5904.0
9180.0
2911.0
3144.0
7893.0
1615.0
3558.0
8721.0
320.0
5589.0
8226.0
6206.0
7926.0
7335.0
3998.0
180.0
6183.0
3836.0
2394.0
8352.0
4529.0
180.0
8496.0
3823.0
3280.0
8973.0
3646.0
3298.0
8406.0
3521.0
4649.0
8226.0
3796.0
5288.0
8577.0
340.0
3141.0
8919.0
3467.0
3141.0
8136.0
3315.0
3141.0
7479.0
7071.0
3141.0
8010.0
3295.0
3141.0
8559.0
3281.0
2925.0
9144.0
3202.0
3069.0
9027.0
690.0
3069.0
8730.0
1020.0
210.0
8109.0
6891.0
6050.0
8613.0
6369.0
8647.0
8829.0
410.0
8815.0
8757.0
3657.0
7944.0
8370.0
5845.0
8886.0
7650.0
4230.0
5065.0
8046.0
6433.0
8655.0
8928.0
400.0
8335.0
6948.0
8959.0
5994.0
6642.0
400.0
5295.0
9270.0
5287.0
3713.0
8136.0
6014.0
4446.0
8451.0
6023.0
5829.0
8721.0
3616.0
6022.0
8613.0
5125.0
3547.0
9108.0
6212.0
6220.0
7173.0
5026.0
5869.0
8244.0
5134.0
7827.0
6822.0
490.0
3275.0
8316.0
1999.0
7432.0
8280.0
1999.0
674.0
7902.0
390.0
8584.0
9045.0
3346.0
8836.0
8532.0
6387.0
6054.0
6354.0
8466.0
3146.0
7488.0
6117.0
8638.0
8487.0
690.0
6144.0
8172.0
3501.0
5901.0
8037.0
1399.0
6228.0
7947.0
3208.0
5826.0
8469.0
7671.0
5988.0
8325.0
3581.0
6096.0
8307.0
7488.0
190.0
8307.0
2287.0
3286.0
8829.0
2287.0
3196.0
8172.0
3452.0
4430.0
6705.0
6741.0
8449.0
8514.0
8502.0
5700.0
7956.0
8655.0
6519.0
8235.0
460.0
2196.0
8586.0
8389.0
8905.0
7290.0
7147.0
3114.0
8145.0
8659.0
2835.0
7623.0
8083.0
5385.0
8397.0
3234.0
5914.0
8172.0
910.0
6445.0
7758.0
3290.0
8864.0
8244.0
2890.0
9179.0
8352.0
220.0
8627.0
6030.0
6084.0
8216.0
8262.0
3534.0
9153.0
8127.0
1000.0
980.0
7839.0
710.0
8919.0
7983.0
2150.0
5798.0
7965.0
5387.0
5909.0
7029.0
1383.0
5724.0
6975.0
650.0
8703.0
7362.0
580.0
6858.0
8883.0
3605.0
6543.0
4734.0
9087.0
5607.0
8523.0
6471.0
5751.0
7983.0
9366.0
4428.0
8793.0
3485.0
6228.0
8271.0
3737.0
6129.0
8541.0
3656.0
4455.0
8226.0
8804.0
5524.0
6210.0
6077.0
5880.0
8280.0
3129.0
4287.0
8433.0
540.0
7495.0
8316.0
3578.0
8899.0
8829.0
3659.0
8638.0
8514.0
3592.0
7495.0
6624.0
4658.0
8143.0
7236.0
8969.0
8839.0
7956.0
330.0
8404.0
8136.0
3368.0
5659.0
8226.0
8609.0
6001.0
7209.0
690.0
6559.0
7929.0
6600.0
6100.0
7848.0
6231.0
8344.0
7749.0
4697.0
7888.0
8136.0
8793.0
9049.0
8559.0
3744.0
7978.0
8109.0
7175.0
6267.0
6696.0
4003.0
6756.0
8415.0
9549.0
6439.0
10053.0
6252.0
6195.0
7974.0
6015.0
6389.0
8172.0
6330.0
5984.0
7299.0
130.0
5931.0
8847.0
130.0
6099.0
8208.0
120.0
6164.0
6255.0
3669.0
6000.0
6435.0
6220.0
6054.0
8271.0
6061.0
5874.0
8505.0
160.0
6036.0
8244.0
160.0
8950.0
7101.0
190.0
6256.0
6165.0
480.0
3096.0
4806.0
3377.0
3150.0
8550.0
9572.0
5929.0
7497.0
370.0
6134.0
8982.0
6852.0
5770.0
6894.0
6470.0
3367.0
7551.0
9161.0
3367.0
8604.0
7541.0
3169.0
7911.0
3374.0
5809.0
8334.0
260.0
7144.0
7344.0
3522.0
6676.0
8307.0
3540.0
6256.0
7929.0
6103.0
8542.0
8307.0
3298.0
8686.0
7713.0
3451.0
8824.0
8820.0
3577.0
8611.0
8631.0
5133.0
6829.0
8253.0
400.0
6108.0
6489.0
3617.0
